33 0 1 1.e10 0.1 0 1 1 0 0 30. 20. 1.e9 0.1 500. 0.001 0.001 81.98260184692316 118.84271165659737 298.4772523952588 90.86378687485296 0. -0.49376355014015944 -0.2678379631254924 -0.00846922791634555 -0.21945046672895974 -0.11903909472244106 -0.003764101296153578 
34 0 1 1.e10 0.1 0 1 1 0 0 30. 20. 1.e9 0.1 500. 0.001 0.001 112.13527815922868 348.95184579985437 53.843090703334326 90.28791926324645 0. 0.45358831539452393 -0.3314528867566835 -0.002823075972115131 0.20159480684201062 -0.14731239411408154 -0.0012547004320511692 
35 0 1 1.e10 0.1 0 1 1 0 0 30. 20. 1.e9 0.1 500. 0.001 0.001 86.05519265694733 290.5936148976157 215.33905569658452 89.71208073675353 0. -0.324944712171975 0.4582731827559336 0.0028230759721153244 -0.14441987207643334 0.20367697011374825 0.001254700432051255 
36 0 1 1.e10 0.1 0 1 1 0 0 30. 20. 1.e9 0.1 500. 0.001 0.001 293.98077147490346 248.1715421340541 322.10995565011694 89.13621312514707 0. -0.3449848682685274 -0.44331146906432856 0.008469227916345246 -0.1533266081193455 -0.197027319584146 0.0037641012961534426 
37 0 1 1.e10 0.1 0 1 1 0 0 30. 20. 1.e9 0.1 500. 0.001 0.001 257.3234796569843 332.9234390286099 193.24918381206737 88.56025823174859 0. -0.12871473173029926 0.5466668269126216 0.01411537986057579 -0.05720654743568856 0.24296303418338733 0.006273502160255907 
38 0 1 1.e10 0.1 0 1 1 0 0 30. 20. 1.e9 0.1 500. 0.001 0.001 62.5306854153244 6.520587000837168 315.54719619163143 87.98415778045946 0. -0.39319221722866343 -0.4007751338734235 0.01976153180480593 -0.1747520965460726 -0.17812228172152153 0.00878290302435819 
39 0 1 1.e10 0.1 0 1 1 0 0 30. 20. 1.e9 0.1 500. 0.001 0.001 233.7360839222365 84.375341246922 311.0236275934885 87.4078533625904 0. -0.4234048324277123 -0.368366859588502 0.02540768374903614 -0.1881799255234277 -0.16371860426155643 0.011292303888460505 
40 0 1 1.e10 0.1 0 1 1 0 0 30. 20. 1.e9 0.1 500. 0.001 0.001 323.591987631376 184.15992315142807 353.72713034770095 86.83128638335569 0. -0.0612896982866467 -0.557575625303324 0.0310538356932664 -0.02723986590517631 -0.24781138902369954 0.013801704752562843 
41 0 1 1.e10 0.1 0 1 1 0 0 30. 20. 1.e9 0.1 500. 0.001 0.001 71.42588920556409 304.66911592448173 336.69209475089906 86.25439800789438 0. -0.22181105700590342 -0.5148439682632562 0.03669998763749683 -0.09858269200262373 -0.2288195414503361 0.016311105616665256 
42 0 1 1.e10 0.1 0 1 1 0 0 30. 20. 1.e9 0.1 500. 0.001 0.001 31.250066261532083 280.95727273766397 102.13369942700365 85.67712910667996 0. 0.5476798677141819 0.11774936400179212 0.04234613958172707 0.24341327453963635 0.05233305066746315 0.018820506480767583 
43 0 1 1.e10 0.1 0 1 1 0 0 30. 20. 1.e9 0.1 500. 0.001 0.001 244.10135717359037 238.0136077002071 350.0550330567203 85.09942020017603 0. -0.09666819870231702 -0.5513287087332405 0.0479922915259573 -0.042963643867696445 -0.24503498165921794 0.02132990734486991 
44 0 1 1.e10 0.1 0 1 1 0 0 30. 20. 1.e9 0.1 500. 0.001 0.001 36.07303836874422 119.4787792661196 59.7084475019667 84.52121140259231 0. 0.4828752534954532 -0.2820740199017319 0.05363844347018761 0.21461122377575695 -0.12536623106743638 0.02383930820897227 

