1 0 1 1.e10 0.1 0 1 1 0 0 30. 20. 2.3e9 0.1 500. 0.001 0.001 213.7568016916415 274.80364773984286 170.12375058217992 101.88979136347885 0. 0.0942918252853361 0.5415932369774016 -0.1157461148567206 0.04190747790459382 0.24070810532328957 -0.05144271771409804
2 0 1 1.e10 0.1 0 1 1 0 0 30. 20. 2.3e9 0.1 500. 0.001 0.001 218.08224939790773 15.414066755894964 25.133572025794706 48.8303768917093 0. 0.17961725585771604 -0.38285763813088086 0.3698229523470827 0.07982989149231823 -0.17015895028039146 0.1643657565987034
3 0 1 1.e10 0.1 0 1 1 0 0 30. 20. 2.3e9 0.1 500. 0.001 0.001 257.1895002643405 330.7894217849961 267.4382763844544 114.01868586688462 0. -0.5126360565573816 0.022935505319222838 -0.22866915374132601 -0.2278382473588363 0.010193557919654594 -0.10163073499614488
4 0 1 1.e10 0.1 0 1 1 0 0 30. 20. 2.3e9 0.1 500. 0.001 0.001 133.45900766972062 138.0264073658397 243.2441147965527 72.75357649621232 0. -0.47908866111788606 0.24154228024048024 0.1665614823547931 -0.21292829383017156 0.10735212455132455 0.07402732549101915
5 0 1 1.e10 0.1 0 1 1 0 0 30. 20. 2.3e9 0.1 500. 0.001 0.001 334.6552202588813 245.17511150113273 349.3581022725051 25.908087036665034 0. -0.04532976383371158 -0.2412416713093022 0.5053305990086093 -0.020146561703871812 -0.10721852058191209 0.22459137733715967
6 0 1 1.e10 0.1 0 1 1 0 0 30. 20. 2.3e9 0.1 500. 0.001 0.001 60.68307410442412 247.94897306967562 348.3705129830047 93.74560199210562 0. -0.11300546422960057 -0.5490848948217255 -0.03669998763749676 -0.05022465076871136 -0.24403773103187798 -0.016311105616665225
7 0 1 1.e10 0.1 0 1 1 0 0 30. 20. 2.3e9 0.1 500. 0.001 0.001 170.9962246491532 0.5782229960340146 3.780938852552481 19.999256117872672 0. 0.012669931622501742 -0.19171946441871038 0.5279152067855304 0.005631080721111885 -0.08520865085276015 0.23462898079356903
8 0 1 1.e10 0.1 0 1 1 0 0 30. 20. 2.3e9 0.1 500. 0.001 0.001 268.4501784767376 257.5940377245678 307.31042273615105 51.08699060767554 0. -0.3476782584595621 -0.26495982048989114 0.35288449651439197 -0.15452367042647203 -0.11775992021772938 0.1568375540063964
9 0 1 1.e10 0.1 0 1 1 0 0 30. 20. 2.3e9 0.1 500. 0.001 0.001 151.13051698750837 192.1915241095396 68.17035320125774 147.05517956049349 0. 0.28361269337047074 -0.11360724716912597 -0.47145368734322757 0.12605008594243142 -0.05049210985294487 -0.20953497215254555
10 0 1 1.e10 0.1 0 1 1 0 0 30. 20. 2.3e9 0.1 500. 0.001 0.001 333.9322326765554 356.8739401307739 244.32443017460002 91.43974176825142 0. -0.5061627281605857 0.24333391549915515 -0.014115379860575848 -0.22496121251581583 0.10814840688851339 -0.006273502160255932
11 0 1 1.e10 0.1 0 1 1 0 0 30. 20. 2.3e9 0.1 500. 0.001 0.001 27.091388502328982 147.83744496526953 25.29855903689088 160.00074388212732 0. 0.08210717093522117 -0.17371037011453982 -0.5279152067855304 0.03649207597120941 -0.07720460893979547 -0.23462898079356903
12 0 1 1.e10 0.1 0 1 1 0 0 30. 20. 2.3e9 0.1 500. 0.001 0.001 338.20245225758185 265.25348002054614 53.074274115737126 136.77267750582826 0. 0.30759010734412956 -0.23116122262207764 -0.40934601595669456 0.13670671437516868 -0.10273832116536782 -0.18193156264741978
13 0 1 1.e10 0.1 0 1 1 0 0 30. 20. 2.3e9 0.1 500. 0.001 0.001 63.30934584496288 42.65003814800781 345.4810632155876 121.170541105725 0. -0.1205082675001316 -0.4653363742416925 -0.290776825127859 -0.05355923000005848 -0.2068161663296411 -0.12923414450127066
14 0 1 1.e10 0.1 0 1 1 0 0 30. 20. 2.3e9 0.1 500. 0.001 0.001 166.25058408247764 41.47248301693446 353.75337205524784 27.19630101008235 0. -0.027937870735945638 -0.2552376823676957 0.49968444706437903 -0.01241683143819806 -0.11343896994119805 0.22208197647305733
15 0 1 1.e10 0.1 0 1 1 0 0 30. 20. 2.3e9 0.1 500. 0.001 0.001 195.37194512873748 240.02318244514504 40.47971991766235 40.64210967970333 0. 0.23754349052847593 -0.2783271186545031 0.42628447178938544 0.10557488467932262 -0.12370094162422357 0.18945976523972685
16 0 1 1.e10 0.1 0 1 1 0 0 30. 20. 2.3e9 0.1 500. 0.001 0.001 220.49323207552197 262.0946429895589 249.78409061477748 86.83128638335569 0. -0.5263788870231028 0.19383568387884764 0.0310538356932664 -0.23394617201026788 0.08614919283504338 0.013801704752562843
17 0 1 1.e10 0.1 0 1 1 0 0 30. 20. 2.3e9 0.1 500. 0.001 0.001 76.89890624507484 17.301265826966585 123.04673545795674 58.82945889427502 0. 0.40292452464433226 0.26212976017313777 0.29077682512785896 0.17907756650859208 0.11650211563250568 0.12923414450127063
18 0 1 1.e10 0.1 0 1 1 0 0 30. 20. 2.3e9 0.1 500. 0.001 0.001 32.04491386777477 298.902898539248 248.11701356172443 144.00263192526953 0. -0.30640135863566254 0.12306688226679219 -0.45451523151053685 -0.13617838161585002 0.0546963921185743 -0.20200676956023858
19 0 1 1.e10 0.1 0 1 1 0 0 30. 20. 2.3e9 0.1 500. 0.001 0.001 9.199912197360675 11.64130662558938 96.86043780602961 123.2119586519725 0. 0.4666587518692588 0.056144999126554684 -0.3077152809605496 0.20740388971967055 0.024953332945135413 -0.1367623470935776
20 0 1 1.e10 0.1 0 1 1 0 0 30. 20. 2.3e9 0.1 500. 0.001 0.001 51.2956426129623 179.35295224384186 311.0577187107925 112.76386316067263 0. -0.3906222368420181 -0.34025419761159226 -0.2173768498528655 -0.17360988304089692 -0.15122408782737431 -0.09661193326794022
21 0 1 1.e10 0.1 0 1 1 0 0 30. 20. 2.3e9 0.1 500. 0.001 0.001 177.5679149806832 158.6554538683389 355.2997301668761 81.03804140094199 0. -0.04547311803368108 -0.553068353742569 0.08751535513556927 -0.020210274681636033 -0.24580815721891952 0.03889571339358634
22 0 1 1.e10 0.1 0 1 1 0 0 30. 20. 2.3e9 0.1 500. 0.001 0.001 235.269583946848 89.2369691549672 239.0301241062425 53.27399147317264 0. -0.38608671748821205 0.23170811399083907 0.33594604068170114 -0.17159409666142758 0.10298138399592846 0.14930935141408938
23 0 1 1.e10 0.1 0 1 1 0 0 30. 20. 2.3e9 0.1 500. 0.001 0.001 121.73873777968157 262.1251250050266 170.85838152784868 92.01584221954054 0. 0.0891997697943673 0.5543141967233789 -0.019761531804805863 0.03964434213082991 0.2463618652103906 -0.008782903024358161
24 0 1 1.e10 0.1 0 1 1 0 0 30. 20. 2.3e9 0.1 500. 0.001 0.001 241.41620722689436 96.0173896606301 21.165347377134538 125.30217231581278 0. 0.16554198720335464 -0.4275595250005254 -0.3246537367932406 0.07357421653482428 -0.19002645555578904 -0.1442905496858847
25 0 1 1.e10 0.1 0 1 1 0 0 30. 20. 2.3e9 0.1 500. 0.001 0.001 24.128667819986276 242.36072702096146 213.7287880181833 146.01095399973522 0. -0.17438658554420003 0.26119725210551625 -0.46580753539899733 -0.07750514913075555 0.11608766760245165 -0.20702557128844323
26 0 1 1.e10 0.1 0 1 1 0 0 30. 20. 2.3e9 0.1 500. 0.001 0.001 21.9972027458723 113.572701366937 89.27431514493946 84.52121140259231 0. 0.5591816322792407 -0.007082744054734492 0.05363844347018761 0.24852516990188472 -0.003147886246548663 0.02383930820897227
27 0 1 1.e10 0.1 0 1 1 0 0 30. 20. 2.3e9 0.1 500. 0.001 0.001 150.49652485809537 196.83305439994535 100.12763503526531 38.84064289316833 0. 0.3468422345340101 0.06195462444854357 0.43757677567784603 0.1541521042373378 0.02753538864379714 0.19447856696793153
28 0 1 1.e10 0.1 0 1 1 0 0 30. 20. 2.3e9 0.1 500. 0.001 0.001 129.32891175803195 177.76349595063243 148.05189437077092 51.82324573418859 0. 0.2336888251674129 0.3747351208677582 0.34723834457016167 0.10386170007440573 0.16654894260789252 0.15432815314229406
29 0 1 1.e10 0.1 0 1 1 0 0 30. 20. 2.3e9 0.1 500. 0.001 0.001 210.3742747486084 337.59700251578033 21.303486362560704 98.37946271824981 0. 0.20192495431153987 -0.5178176244150281 -0.08186920319133895 0.08974442413846216 -0.23014116640667914 -0.036386312529483975
30 0 1 1.e10 0.1 0 1 1 0 0 30. 20. 2.3e9 0.1 500. 0.001 0.001 132.1130514847262 6.331144468012269 86.10297470935933 67.23613683932739 0. 0.5168356533372924 -0.03520736211624262 0.21737684985286534 0.2297047348165744 -0.015647716496107827 0.09661193326794015
31 0 1 1.e10 0.1 0 1 1 0 0 30. 20. 2.3e9 0.1 500. 0.001 0.001 124.35421974837999 88.8436200404949 156.92530104163245 119.83385889163992 0. 0.1910033915538335 0.4483496989652637 -0.2794845212393983 0.08489039624614822 0.19926653287345053 -0.12421534277306591
32 0 1 1.e10 0.1 0 1 1 0 0 30. 20. 2.3e9 0.1 500. 0.001 0.001 298.4987081871607 69.66716862344555 19.512120225277044 75.74541929145305 0. 0.18186508972272608 -0.5132261159328554 0.1383307226336416 0.08082892876565603 -0.2281004959701579 0.06148032117050737
33 0 1 1.e10 0.1 0 1 1 0 0 30. 20. 2.3e9 0.1 500. 0.001 0.001 174.09690469615805 122.40401869698587 68.01645799351985 92.59214663740961 0. 0.5204127619437245 -0.21008653591398613 -0.025407683749036195 0.23129456086387756 -0.09337179373954937 -0.01129230388846053
34 0 1 1.e10 0.1 0 1 1 0 0 30. 20. 2.3e9 0.1 500. 0.001 0.001 322.0449661189417 151.34038213652002 342.0218647715807 33.989046000264764 0. -0.09693637931615302 -0.2987273407144248 0.4658075353989974 -0.04308283525162356 -0.1327677069841888 0.20702557128844326
35 0 1 1.e10 0.1 0 1 1 0 0 30. 20. 2.3e9 0.1 500. 0.001 0.001 334.0607008880738 209.87517631063952 97.58538922447815 73.35555133765327 0. 0.5335440804877468 0.07105150508658858 0.16091533041056275 0.2371307024389986 0.031578446705150476 0.07151792462691677
36 0 1 1.e10 0.1 0 1 1 0 0 30. 20. 2.3e9 0.1 500. 0.001 0.001 73.71622360001902 234.87954836301014 114.07203836311243 30.76246309780434 0. 0.2623563677633958 0.11720405284570141 0.48274599123168815 0.1166028301170648 0.05209069015364507 0.21455377388075028
37 0 1 1.e10 0.1 0 1 1 0 0 30. 20. 2.3e9 0.1 500. 0.001 0.001 141.796398764213 33.21707734871546 297.91152980769823 140.25010913822257 0. -0.317442634293493 -0.1681590198996845 -0.4319306237336159 -0.14108561524155244 -0.07473734217763754 -0.19196916610382928
38 0 1 1.e10 0.1 0 1 1 0 0 30. 20. 2.3e9 0.1 500. 0.001 0.001 251.09052190134355 286.23938842844666 145.90905448016144 52.552135594475686 0. 0.24999298429344735 0.36936381455252226 0.34159219262593143 0.11110799301930992 0.16416169535667655 0.15181875227819172
39 0 1 1.e10 0.1 0 1 1 0 0 30. 20. 2.3e9 0.1 500. 0.001 0.001 222.98108225110855 352.68774355744586 4.918048368777761 85.09942020017603 0. 0.04798688194341259 -0.5576785318399498 0.0479922915259573 0.021327503085961153 -0.24785712526219988 0.02132990734486991
40 0 1 1.e10 0.1 0 1 1 0 0 30. 20. 2.3e9 0.1 500. 0.001 0.001 285.14785150542787 33.80045015865551 298.7123201841018 155.44273601846783 0. -0.20477421717986685 -0.11216784621172772 -0.5109767509528396 -0.09101076319105193 -0.04985237609410121 -0.227100778201262