1 0 1 1.e10 0.1 0 1 1 0 0 30. 20. 2.3e9 0.1 500. 0.001 0.001 228.58866932377168 90.97557694356402 78.02501403935605 31.870360621456747 0. 0.2901710806949486 -0.061545373830473704 0.4770998392874579 0.12896492475331048 -0.027353499480210534 0.21204437301664794
2 0 1 1.e10 0.1 0 1 1 0 0 30. 20. 2.3e9 0.1 500. 0.001 0.001 141.34016394706475 338.34509852579833 23.970748636119936 24.55726398153219 0. 0.0948570051916855 -0.21334538736862743 0.5109767509528396 0.04215866897408244 -0.0948201721638344 0.22710077820126198
3 0 1 1.e10 0.1 0 1 1 0 0 30. 20. 2.3e9 0.1 500. 0.001 0.001 229.41759114882154 13.296362832460431 47.02737505687975 110.2876290451546 0. 0.38555226439454376 -0.3591890583063351 -0.19479224207594442 0.17135656195313057 -0.15963958146948223 -0.08657432981153085
4 0 1 1.e10 0.1 0 1 1 0 0 30. 20. 2.3e9 0.1 500. 0.001 0.001 19.066385603756885 345.4962030006901 200.16762683745708 88.56025823174859 0. -0.19362702480667005 0.5271818254413122 0.01411537986057579 -0.08605645546963113 0.23430303352947204 0.006273502160255907
5 0 1 1.e10 0.1 0 1 1 0 0 30. 20. 2.3e9 0.1 500. 0.001 0.001 124.8883980004723 116.60228825806848 63.51640867069028 79.28467877921899 0. 0.49407164714251034 -0.24615839336455514 0.10445381096826009 0.21958739873000457 -0.10940373038424671 0.04642391598589337
6 0 1 1.e10 0.1 0 1 1 0 0 30. 20. 2.3e9 0.1 500. 0.001 0.001 4.80947308957758 138.4863698536942 233.36474423987204 76.33877793864706 0. -0.4380572152062876 0.3257484100750212 0.13268457068941122 -0.1946920956472389 0.14477707114445384 0.05897092030640499
7 0 1 1.e10 0.1 0 1 1 0 0 30. 20. 2.3e9 0.1 500. 0.001 0.001 105.19633072797751 122.32619461596778 192.3374342022248 28.43045377039251 0. -0.057148890130807456 0.26128818012171745 0.49403829512014874 -0.025399506724803313 0.11612808005409662 0.21957257560895496
8 0 1 1.e10 0.1 0 1 1 0 0 30. 20. 2.3e9 0.1 500. 0.001 0.001 25.914304165731153 184.8247629059464 242.6921864880901 44.88361776110156 0. -0.35225852055924445 0.18187501962016947 0.3980537120682341 -0.1565593424707753 0.08083334205340864 0.17691276091921515
9 0 1 1.e10 0.1 0 1 1 0 0 30. 20. 2.3e9 0.1 500. 0.001 0.001 97.9082554790636 294.40791318087474 348.67605178703957 67.85920590130316 0. -0.10217711506572176 -0.5102365083759627 0.21173069790863527 -0.04541205114032078 -0.22677178150042784 0.09410253240383788
10 0 1 1.e10 0.1 0 1 1 0 0 30. 20. 2.3e9 0.1 500. 0.001 0.001 26.771668837995094 103.21724548146847 228.9283050531069 63.433545659705146 0. -0.37881122606838125 0.330128684132759 0.251253761518247 -0.16836054491928054 0.14672385961455953 0.11166833845255422
11 0 1 1.e10 0.1 0 1 1 0 0 30. 20. 2.3e9 0.1 500. 0.001 0.001 219.91627747516372 143.0223160616723 162.90063889890314 113.38978861393119 0. 0.1516098870914109 0.49283519412199817 -0.22302300179709572 0.06738217204062706 0.21903786405422138 -0.09912133413204254
12 0 1 1.e10 0.1 0 1 1 0 0 30. 20. 2.3e9 0.1 500. 0.001 0.001 235.71436998092406 60.4587110965997 160.64957210439445 71.54362974683458 0. 0.17657277265427176 0.5027936280780091 0.17785378624325351 0.078476787846343 0.22346383470133732 0.07904612721922377
13 0 1 1.e10 0.1 0 1 1 0 0 30. 20. 2.3e9 0.1 500. 0.001 0.001 232.5575995415287 25.860737871897072 143.34016509909293 29.617339246253913 0. 0.1657690835704366 0.22272195934836803 0.4883921431759185 0.07367514825352738 0.09898753748816355 0.21706317474485262
14 0 1 1.e10 0.1 0 1 1 0 0 30. 20. 2.3e9 0.1 500. 0.001 0.001 36.499469432886485 205.98633355652066 93.08361263135265 81.6205372817502 0. 0.5549908890110534 0.029898034103619756 0.08186920319133889 0.24666261733824596 0.013288015157164334 0.03638631252948395
15 0 1 1.e10 0.1 0 1 1 0 0 30. 20. 2.3e9 0.1 500. 0.001 0.001 276.19699726795227 21.41684412441367 235.59349791991008 87.4078533625904 0. -0.4630326739850469 0.31712227639901236 0.02540768374903614 -0.2057922995489097 0.1409432339551166 0.011292303888460505
16 0 1 1.e10 0.1 0 1 1 0 0 30. 20. 2.3e9 0.1 500. 0.001 0.001 104.18539509342509 181.26750244119057 81.16479272325455 124.59962315442657 0. 0.45694716784029615 -0.07102670181881657 -0.31900758484901026 0.2030876301512427 -0.03156742303058514 -0.1417811488217823
17 0 1 1.e10 0.1 0 1 1 0 0 30. 20. 2.3e9 0.1 500. 0.001 0.001 157.14892939186234 80.75030472187422 150.70286524959738 120.4999037427781 0. 0.23686822768662624 0.4221436813244665 -0.28513067318362856 0.10527476786072276 0.18761941392198508 -0.12672474363716824
18 0 1 1.e10 0.1 0 1 1 0 0 30. 20. 2.3e9 0.1 500. 0.001 0.001 269.8676570183766 229.35628731703923 115.86647084801353 58.154038841335115 0. 0.42941437575922053 0.20820196520389503 0.29642297707208926 0.19085083367076466 0.09253420675728666 0.131743545365373
19 0 1 1.e10 0.1 0 1 1 0 0 30. 20. 2.3e9 0.1 500. 0.001 0.001 13.72177721297129 67.99414407000882 60.33373234239684 87.98415778045946 0. 0.48785277045408926 -0.27788577146144544 0.01976153180480593 0.21682345353515076 -0.12350478731619796 0.00878290302435819
20 0 1 1.e10 0.1 0 1 1 0 0 30. 20. 2.3e9 0.1 500. 0.001 0.001 45.969107058480915 317.0250009526517 335.7474190145176 35.99736807473049 0. -0.13562994762993816 -0.3010511042838885 0.45451523151053674 -0.060279976724416956 -0.13380049079283932 0.20200676956023852
21 0 1 1.e10 0.1 0 1 1 0 0 30. 20. 2.3e9 0.1 500. 0.001 0.001 179.5357021632916 268.514109749565 349.46943913866437 54.697827684187224 0. -0.08379325663505424 -0.4507660003687085 0.32465373679324067 -0.03724144739335744 -0.20034044460831488 0.14429054968588473
22 0 1 1.e10 0.1 0 1 1 0 0 30. 20. 2.3e9 0.1 500. 0.001 0.001 78.10633019823541 91.61885102285294 281.4067115411158 74.55392894050507 0. -0.5308061515146341 -0.10709400173826264 0.14962302652210216 -0.23591384511761512 -0.0475973341058945 0.06649912289871207
23 0 1 1.e10 0.1 0 1 1 0 0 30. 20. 2.3e9 0.1 500. 0.001 0.001 217.57861364116616 323.7619869680483 284.93891895484114 53.98912456127564 0. -0.43907793649969473 -0.11714902875785922 0.3302998887374709 -0.19514574955541986 -0.05206623500349298 0.14679995054998707
24 0 1 1.e10 0.1 0 1 1 0 0 30. 20. 2.3e9 0.1 500. 0.001 0.001 246.25601962861708 206.72297862779885 312.3638046250047 103.06935328497902 0. -0.4043459847777338 -0.36875047188657806 -0.12703841874518124 -0.17970932656788166 -0.1638890986162569 -0.056461519442302766
25 0 1 1.e10 0.1 0 1 1 0 0 30. 20. 2.3e9 0.1 500. 0.001 0.001 351.27663787532344 41.50520218846259 320.954347575155 168.49232940063405 0. -0.070601848471512 -0.08704412052997967 -0.5504998145624513 -0.031378599320671996 -0.03868627579110207 -0.24466658424997836
26 0 1 1.e10 0.1 0 1 1 0 0 30. 20. 2.3e9 0.1 500. 0.001 0.001 172.43721239976696 232.26111284847116 324.1726234597453 85.67712910667996 0. -0.3279072721457049 -0.454197061963431 0.04234613958172707 -0.14573656539809107 -0.20186536087263598 0.018820506480767583
27 0 1 1.e10 0.1 0 1 1 0 0 30. 20. 2.3e9 0.1 500. 0.001 0.001 137.982574643977 52.1520477525018 115.92009479462456 133.50683969502848 0. 0.36647501928783816 0.17810957060332994 -0.3867614081797735 0.16287778635015027 0.07915980915703552 -0.17189395919101041
28 0 1 1.e10 0.1 0 1 1 0 0 30. 20. 2.3e9 0.1 500. 0.001 0.001 136.29596803281902 129.46144722571535 234.0736444855006 59.50009625722189 0. -0.3919762790865342 0.2840183825090402 0.2851306731836287 -0.17421167959401518 0.12623039222624008 0.1267247436371683
29 0 1 1.e10 0.1 0 1 1 0 0 30. 20. 2.3e9 0.1 500. 0.001 0.001 359.59751264505724 45.32090068617623 74.27494194846707 48.060872670843914 0. 0.4022523458917164 -0.11325788143443023 0.37546910429131297 0.17877882039631837 -0.050336836193080096 0.16687515746280573
30 0 1 1.e10 0.1 0 1 1 0 0 30. 20. 2.3e9 0.1 500. 0.001 0.001 172.55749771725118 50.04157005778512 92.84107737661168 93.16871361664433 0. 0.5602445796640335 0.027803165386900003 -0.031053835693266585 0.24899759096179266 0.012356962394177778 -0.013801704752562925
31 0 1 1.e10 0.1 0 1 1 0 0 30. 20. 2.3e9 0.1 500. 0.001 0.001 28.752325460730503 112.29057595753875 183.54205768105896 78.69804516718575 0. -0.034035180261427045 0.5498462970967121 0.1100999629124903 -0.015126746782856464 0.2443761320429831 0.04893331684999568
32 0 1 1.e10 0.1 0 1 1 0 0 30. 20. 2.3e9 0.1 500. 0.001 0.001 57.87586298722363 84.39157523329544 319.85373623811506 109.67490702151565 0. -0.34106442634529566 -0.4043638948142691 -0.18914609013171396 -0.15158418948679805 -0.17971728658411956 -0.08406492894742842
33 0 1 1.e10 0.1 0 1 1 0 0 30. 20. 2.3e9 0.1 500. 0.001 0.001 240.1157602240031 148.2094767641256 219.6176649891994 130.40905293461398 0. -0.2727720434350568 0.3295178540357562 -0.3641768004028523 -0.12123201930446967 0.14645237957144716 -0.161856355734601
34 0 1 1.e10 0.1 0 1 1 0 0 30. 20. 2.3e9 0.1 500. 0.001 0.001 96.10948209709744 128.8716117261513 242.71249188574734 49.590947065386 0. -0.3801659690718114 0.19611333398766348 0.36417680040285244 -0.16896265292080503 0.08716148177229488 0.16185635573460108
35 0 1 1.e10 0.1 0 1 1 0 0 30. 20. 2.3e9 0.1 500. 0.001 0.001 147.13089571595725 153.23324282999624 4.7915917224227655 0.10000000000019954 0. 0.00008190384242994105 -0.0009770864457161856 0.5617921184509119 0.00003640170774664046 -0.00043426064254052687 0.24968538597818307
36 0 1 1.e10 0.1 0 1 1 0 0 30. 20. 2.3e9 0.1 500. 0.001 0.001 280.92660305746153 229.40028678765975 338.42851424320327 152.80369898991762 0. -0.09440162924210171 -0.23877841510096345 -0.4996844470643789 -0.041956279663156314 -0.10612374004487264 -0.22208197647305727
37 0 1 1.e10 0.1 0 1 1 0 0 30. 20. 2.3e9 0.1 500. 0.001 0.001 26.369612215410996 353.68398255942225 265.69984908390165 66.6102113860688 0. -0.5141763311280626 0.03866247453051711 0.22302300179709578 -0.22852281383469447 0.01718332201356316 0.09912133413204256
38 0 1 1.e10 0.1 0 1 1 0 0 30. 20. 2.3e9 0.1 500. 0.001 0.001 227.18368687234192 47.08778660501923 49.932563645159576 90.28791926324645 0. 0.42992763392075123 -0.36161527289798695 -0.002823075972115131 0.19107894840922274 -0.16071789906577197 -0.0012547004320511692
39 0 1 1.e10 0.1 0 1 1 0 0 30. 20. 2.3e9 0.1 500. 0.001 0.001 77.99415618131309 355.7267861352723 290.8569836542408 98.961958599058 0. -0.5185708670391248 -0.1975769830559999 -0.08751535513556909 -0.23047594090627768 -0.08781199246933329 -0.03889571339358626
40 0 1 1.e10 0.1 0 1 1 0 0 30. 20. 2.3e9 0.1 500. 0.001 0.001 144.93765091580087 233.0483145625683 308.737995554652 144.99422520574052 0. -0.25138155251763644 -0.2016684456987333 -0.46016138345476715 -0.11172513445228284 -0.08963042031054812 -0.20451617042434092