1 0 1 1.e10 0.1 0 1 1 0 0 30. 20. 2.3e9 0.1 500. 0.001 0.001 227.5778575413825 356.3606113918944 47.94537023577726 115.92442733320829 0. 0.3751592566825049 -0.33844317101175664 -0.24560760957401664 0.1667374474144466 -0.15041918711633628 -0.10915893758845183
2 0 1 1.e10 0.1 0 1 1 0 0 30. 20. 2.3e9 0.1 500. 0.001 0.001 31.542141788318588 178.7936004373795 1.3529154275454403 158.37982828169092 0. 0.004887251923545182 -0.2069359680759638 -0.5222690548413 0.0021721119660200808 -0.09197154136709501 -0.23211957992946666
3 0 1 1.e10 0.1 0 1 1 0 0 30. 20. 2.3e9 0.1 500. 0.001 0.001 124.70962675144233 65.46610042332969 112.62967546339644 36.96587953726738 0. 0.31181916612631577 0.12998731786336376 0.44886907956630656 0.1385862960561403 0.05777214127260611 0.19949736869613624
4 0 1 1.e10 0.1 0 1 1 0 0 30. 20. 2.3e9 0.1 500. 0.001 0.001 304.7333830808599 143.48744345824156 231.50642710058537 39.749890861777445 0. -0.2811625979363448 0.22359533886577398 0.4319306237336158 -0.12496115463837544 0.0993757061625662 0.19196916610382922
5 0 1 1.e10 0.1 0 1 1 0 0 30. 20. 2.3e9 0.1 500. 0.001 0.001 20.020230901771015 221.9346135192112 15.531847036329054 23.13282287486259 0. 0.059099915128148134 -0.2126483529063317 0.5166229028970698 0.026266628945843612 -0.09451037906948075 0.22961017906536435
6 0 1 1.e10 0.1 0 1 1 0 0 30. 20. 2.3e9 0.1 500. 0.001 0.001 249.17296523235325 140.34273121924076 251.96045976979224 79.87017796078949 0. -0.5258500633279304 0.17126033742792846 0.09880765902402978 -0.23371113925685794 0.07611570552352376 0.04391451512179101
7 0 1 1.e10 0.1 0 1 1 0 0 30. 20. 2.3e9 0.1 500. 0.001 0.001 342.45309039244285 177.80391271456642 141.99861469572062 55.40037684557344 0. 0.2847118103579068 0.3643963386359008 0.3190075848490103 0.12653858238129193 0.16195392828262256 0.14178114882178233
8 0 1 1.e10 0.1 0 1 1 0 0 30. 20. 2.3e9 0.1 500. 0.001 0.001 93.27881950782046 39.637314073030154 86.03115624353666 134.30609364983047 0. 0.4010652845504612 -0.027826067737093504 -0.39240756012400374 0.17825123757798275 -0.012367141216486 -0.17440336005511275
9 0 1 1.e10 0.1 0 1 1 0 0 30. 20. 2.3e9 0.1 500. 0.001 0.001 111.20693187674601 161.9222624801888 154.26499690141566 101.30195483281426 0. 0.23920542971613445 0.49625608945454064 -0.11009996291249036 0.10631352431828198 0.22055826197979583 -0.04893331684999571
10 0 1 1.e10 0.1 0 1 1 0 0 30. 20. 2.3e9 0.1 500. 0.001 0.001 324.940645832751 37.53354133001528 49.75642433005481 90.86378687485296 0. 0.4287706058592442 -0.3628985884366636 -0.00846922791634555 0.19056471371521963 -0.16128826152740605 -0.003764101296153578
11 0 1 1.e10 0.1 0 1 1 0 0 30. 20. 2.3e9 0.1 500. 0.001 0.001 243.7023792277422 279.6303804498011 311.45880524411507 43.22732249417173 0. -0.2883581798762232 -0.2547483956349451 0.4093460159566947 -0.1281591910560992 -0.1132215091710867 0.18193156264741983
12 0 1 1.e10 0.1 0 1 1 0 0 30. 20. 2.3e9 0.1 500. 0.001 0.001 258.51926039033583 167.83204412831947 286.77105006461386 135.11638223889844 0. -0.3795774858003512 -0.11439195925373799 -0.3980537120682341 -0.16870110480015607 -0.0508408707794391 -0.17691276091921515
13 0 1 1.e10 0.1 0 1 1 0 0 30. 20. 2.3e9 0.1 500. 0.001 0.001 68.90513727660704 106.68188026104485 123.48076371150546 65.34932546241593 0. 0.4258728739469924 0.2816735318011594 0.23431530568555628 0.18927683286532995 0.12518823635607082 0.10414013586024723
14 0 1 1.e10 0.1 0 1 1 0 0 30. 20. 2.3e9 0.1 500. 0.001 0.001 154.63340558147172 238.1808815096539 280.74234338402516 128.17675426581144 0. -0.4338903740567601 -0.08231659079908225 -0.3472383445701619 -0.19284016624744893 -0.03658515146625877 -0.15432815314229417
15 0 1 1.e10 0.1 0 1 1 0 0 30. 20. 2.3e9 0.1 500. 0.001 0.001 304.8941266878495 303.03410809269167 122.47379944480252 128.91300939232448 0. 0.3687802643177472 0.2347019269823787 -0.3528844965143921 0.1639023396967765 0.10431196754772386 -0.15683755400639646
16 0 1 1.e10 0.1 0 1 1 0 0 30. 20. 2.3e9 0.1 500. 0.001 0.001 125.06377334562927 151.4727371756689 162.83113023173166 77.5210994856509 0. 0.1619173478810085 0.5240782725660669 0.12139226680095067 0.07196326572489266 0.23292367669602967 0.053952118578200293
17 0 1 1.e10 0.1 0 1 1 0 0 30. 20. 2.3e9 0.1 500. 0.001 0.001 25.86345099678732 305.0833466504474 27.30575142092721 94.32287089332003 0. 0.2569830377100524 -0.49777290861552925 -0.04234613958172687 0.11421468342668993 -0.2212324038291241 -0.018820506480767496
18 0 1 1.e10 0.1 0 1 1 0 0 30. 20. 2.3e9 0.1 500. 0.001 0.001 199.47745169874247 343.22034971223957 86.336658866388 46.49316030497152 0. 0.4066314883053123 -0.02603443145395299 0.38676140817977356 0.1807251059134721 -0.011570858423979105 0.17189395919101044
19 0 1 1.e10 0.1 0 1 1 0 0 30. 20. 2.3e9 0.1 500. 0.001 0.001 8.911090163603035 69.94692990164077 192.1531612836718 127.4478644055243 0. -0.09389684985559128 0.43601548284886693 -0.34159219262593127 -0.04173193326915168 0.19378465904394082 -0.15181875227819167
20 0 1 1.e10 0.1 0 1 1 0 0 30. 20. 2.3e9 0.1 500. 0.001 0.001 300.4585124481109 218.01826551732256 215.21917302183385 138.4815732224025 0. -0.21475978448152444 0.304225220202105 -0.4206383198451553 -0.09544879310289973 0.13521120897871333 -0.18695036437562457
21 0 1 1.e10 0.1 0 1 1 0 0 30. 20. 2.3e9 0.1 500. 0.001 0.001 55.7124711802922 284.1940611421454 146.68789770504958 89.13621312514707 0. 0.3085012737464649 0.4694321910937032 0.008469227916345246 0.13711167722065107 0.20863652937497917 0.0037641012961534426
22 0 1 1.e10 0.1 0 1 1 0 0 30. 20. 2.3e9 0.1 500. 0.001 0.001 145.8063251653109 193.05216437634567 81.6653229587514 35.00577479425949 0. 0.318873774179179 -0.046715769044789426 0.46016138345476715 0.14172167741296843 -0.02076256401990641 0.20451617042434092
23 0 1 1.e10 0.1 0 1 1 0 0 30. 20. 2.3e9 0.1 500. 0.001 0.001 111.82523324236973 352.83514686435046 24.933091014129218 42.37985798755818 0. 0.1596330202118798 -0.34338046711868947 0.41499216790092497 0.07094800898305768 -0.15261354094163973 0.1844409635115222
24 0 1 1.e10 0.1 0 1 1 0 0 30. 20. 2.3e9 0.1 500. 0.001 0.001 290.9829242763544 127.74615566046288 8.408666017945848 62.13849281731885 0. 0.07262934625547254 -0.4913307311391023 0.2625460654067076 0.03227970944687668 -0.218369213839601 0.11668714018075892
25 0 1 1.e10 0.1 0 1 1 0 0 30. 20. 2.3e9 0.1 500. 0.001 0.001 203.16612757996768 351.98911142501424 201.39124478116275 126.01087543872437 0. -0.16574899291267245 0.4231318950494923 -0.33029988873747085 -0.07366621907229887 0.18805862002199655 -0.14679995054998704
26 0 1 1.e10 0.1 0 1 1 0 0 30. 20. 2.3e9 0.1 500. 0.001 0.001 314.28637539433896 1.2630744863155314 160.6291528163381 104.25458070854695 0. 0.1805990869477969 0.5136729764441594 -0.13833072263364163 0.0802662608656875 0.22829910064184858 -0.06148032117050739
27 0 1 1.e10 0.1 0 1 1 0 0 30. 20. 2.3e9 0.1 500. 0.001 0.001 240.562409216344 323.4128180662667 172.27442253104084 78.11020863652116 0. 0.0739007694880327 0.5447502720737061 0.11574611485672055 0.03284478643912564 0.24211123203275825 0.051442717714098016
28 0 1 1.e10 0.1 0 1 1 0 0 30. 20. 2.3e9 0.1 500. 0.001 0.001 190.08651540244819 238.15811530508677 141.4687841146973 110.90278303847423 0. 0.32693171582435593 0.41055017860242266 -0.20043839402017466 0.14530298481082485 0.18246674604552116 -0.08908373067563317
29 0 1 1.e10 0.1 0 1 1 0 0 30. 20. 2.3e9 0.1 500. 0.001 0.001 10.430281383471936 332.2553854448654 108.04304795655048 72.14963171605918 0. 0.5084516749217786 0.16562841156666694 0.17220763429902328 0.2259785221874571 0.07361262736296308 0.07653672635512145
30 0 1 1.e10 0.1 0 1 1 0 0 30. 20. 2.3e9 0.1 500. 0.001 0.001 138.2200597965122 329.5840902509332 270.9402628394944 69.09721696152579 0. -0.5247491065929915 -0.008612264057482914 0.20043839402017458 -0.23322182515244064 -0.0038276729144368503 0.08908373067563315
31 0 1 1.e10 0.1 0 1 1 0 0 30. 20. 2.3e9 0.1 500. 0.001 0.001 306.2802654213051 246.9061305526144 65.76232036257636 11.50767059936594 0. 0.1021976376425836 -0.04601024654038593 0.5504998145624515 0.045421172285592705 -0.020448998462393744 0.2446665842499784
32 0 1 1.e10 0.1 0 1 1 0 0 30. 20. 2.3e9 0.1 500. 0.001 0.001 261.7226831221094 37.48001125623472 307.8910620143614 57.47363634997689 0. -0.3738127753349811 -0.29091166365652366 0.30206912901631955 -0.1661390112599916 -0.12929407273623272 0.13425294622947534
33 0 1 1.e10 0.1 0 1 1 0 0 30. 20. 2.3e9 0.1 500. 0.001 0.001 31.285355612103103 243.49314597261775 320.5461342358892 100.71532122078101 0. -0.35077022960640647 -0.4262170728112627 -0.10445381096826002 -0.15589787982506953 -0.18942981013833896 -0.04642391598589334
34 0 1 1.e10 0.1 0 1 1 0 0 30. 20. 2.3e9 0.1 500. 0.001 0.001 16.36805642891443 148.89534404429736 65.25740081778258 86.25439800789438 0. 0.5091289730444175 -0.23463193617636477 0.03669998763749683 0.22627954357529667 -0.10428086052282877 0.016311105616665256
35 0 1 1.e10 0.1 0 1 1 0 0 30. 20. 2.3e9 0.1 500. 0.001 0.001 44.002654537681906 297.969724589286 329.29760396929896 137.62014201244182 0. -0.193342168428958 -0.32559430622755725 -0.4149921679009249 -0.08592985263509244 -0.14470858054558097 -0.18444096351152217
36 0 1 1.e10 0.1 0 1 1 0 0 30. 20. 2.3e9 0.1 500. 0.001 0.001 344.80084105273863 46.07127518996634 165.61208951376818 60.82777474190494 0. 0.12189066355516238 0.47514898652903664 0.27383836929516814 0.05417362824673883 0.2111773273462385 0.12170594190896361
37 0 1 1.e10 0.1 0 1 1 0 0 30. 20. 2.3e9 0.1 500. 0.001 0.001 307.0680297645671 236.9605508293206 174.16507012860677 64.71412126974627 0. 0.051641283975515304 0.5053345648194607 0.23996145762978655 0.02295168176689569 0.22459313991976027 0.10664953672434957
38 0 1 1.e10 0.1 0 1 1 0 0 30. 20. 2.3e9 0.1 500. 0.001 0.001 17.396484579041726 70.99240927531707 11.538573184519805 70.93548091612656 0. 0.10621053571734851 -0.5202484411774329 0.18349993818748386 0.04720468254104378 -0.23122152941219234 0.08155552808332615
39 0 1 1.e10 0.1 0 1 1 0 0 30. 20. 2.3e9 0.1 500. 0.001 0.001 272.93137938817176 16.650882012675652 312.1439574919701 21.620171718309066 0. -0.15347779055463612 -0.13889185692965467 0.5222690548413 -0.06821235135761604 -0.06172971419095762 0.2321195799294667
40 0 1 1.e10 0.1 0 1 1 0 0 30. 20. 2.3e9 0.1 500. 0.001 0.001 23.099405936791015 341.6344345476099 138.07744441593894 107.85036828394084 0. 0.3572790665232801 0.39787880701680095 -0.17220763429902333 0.15879069623256895 0.17683502534080042 -0.07653672635512147