1 0 1 1.e10 0.1 0 1 1 0 0 30. 20. 2.3e9 0.1 500. 0.001 0.001 302.387347965657 181.8789546487851 52.953404130695446 109.06451908387344 0. 0.4237989845615278 -0.31989613803472666 -0.18349993818748378 0.1883551042495679 -0.1421760613487674 -0.08155552808332613
2 0 1 1.e10 0.1 0 1 1 0 0 30. 20. 2.3e9 0.1 500. 0.001 0.001 155.97556205298804 263.05464369611843 318.57021036994377 95.4787885974077 0. -0.37004116095334294 -0.41928964015597014 -0.05363844347018767 -0.16446273820148574 -0.18635095118043116 -0.023839308208972294
3 0 1 1.e10 0.1 0 1 1 0 0 30. 20. 2.3e9 0.1 500. 0.001 0.001 278.8525087887515 108.82218172115807 349.14040330756256 76.93064671502098 0. -0.10310179566198072 -0.5374407926960183 0.12703841874518118 -0.045823020294213646 -0.23886257453156368 0.056461519442302745
4 0 1 1.e10 0.1 0 1 1 0 0 30. 20. 2.3e9 0.1 500. 0.001 0.001 211.1600791525218 272.9582167864738 141.35260484584848 44.06165531037377 0. 0.24399527973301421 0.30512959381884164 0.4036998640124644 0.1084423465480063 0.13561315280837405 0.17942216178331746
5 0 1 1.e10 0.1 0 1 1 0 0 30. 20. 2.3e9 0.1 500. 0.001 0.001 347.92676388799987 215.41812285324397 64.22393050944714 96.05755763540962 0. 0.5030701187694295 -0.24293443170449552 -0.05928459541441789 0.22358671945307976 -0.10797085853533132 -0.026348709073074614
6 0 1 1.e10 0.1 0 1 1 0 0 30. 20. 2.3e9 0.1 500. 0.001 0.001 338.8439789631353 111.6952995051825 233.51138054591343 100.12982203921051 0. -0.4446268054144624 0.3288698772840804 -0.09880765902402984 -0.19761191351753882 0.1461643899040357 -0.04391451512179104
7 0 1 1.e10 0.1 0 1 1 0 0 30. 20. 2.3e9 0.1 500. 0.001 0.001 141.332744425805 27.284760389210305 257.5428690930611 107.24642350378767 0. -0.5239026379635798 0.11573523357345201 -0.1665614823547929 -0.23284561687270214 0.051437881588200896 -0.07402732549101906
8 0 1 1.e10 0.1 0 1 1 0 0 30. 20. 2.3e9 0.1 500. 0.001 0.001 109.03889266339115 276.4151101967893 281.5260496645724 89.71208073675353 0. -0.550456884504554 -0.1122523688093981 0.0028230759721153244 -0.2446475042242462 -0.04988994169306581 0.001254700432051255
9 0 1 1.e10 0.1 0 1 1 0 0 30. 20. 2.3e9 0.1 500. 0.001 0.001 93.62994136020149 208.8879278462855 82.68170821204495 83.94244236459036 0. 0.5541052298881085 -0.07116232652830048 0.05928459541441808 0.24626899106138156 -0.031627700679244655 0.026348709073074697
10 0 1 1.e10 0.1 0 1 1 0 0 30. 20. 2.3e9 0.1 500. 0.001 0.001 257.27875222920454 40.382160698288885 323.5654118314658 18.241184686437222 0. -0.10443881204830839 -0.14147846750695006 0.5335613587297606 -0.04641724979924817 -0.0628793188919778 0.23713838165767137
11 0 1 1.e10 0.1 0 1 1 0 0 30. 20. 2.3e9 0.1 500. 0.001 0.001 71.62588188671918 358.7881237962823 65.51463557552279 64.07557266679171 0. 0.4598210609129526 -0.2094106965270623 0.2456076095740167 0.20436491596131226 -0.09307142067869434 0.10915893758845185
12 0 1 1.e10 0.1 0 1 1 0 0 30. 20. 2.3e9 0.1 500. 0.001 0.001 72.41534892041636 98.24466930749668 87.18791545654278 163.69841616850812 0. 0.15750160034699226 -0.007736412645385559 -0.5392075106739909 0.07000071126532988 -0.0034384056201713594 -0.2396477825217737
13 0 1 1.e10 0.1 0 1 1 0 0 30. 20. 2.3e9 0.1 500. 0.001 0.001 260.843042934044 297.294328593993 258.79369404104887 115.28587873025371 0. -0.49828137854841 0.09871936184867505 -0.2399614576297864 -0.22145839046595997 0.043875271932744465 -0.1066495367243495
14 0 1 1.e10 0.1 0 1 1 0 0 30. 20. 2.3e9 0.1 500. 0.001 0.001 169.68457630257774 220.35293044511036 207.02319900010957 165.89429866475615 0. -0.062207689261266304 0.12196735418958964 -0.5448536626182211 -0.02764786189389613 0.05420771297315095 -0.242157183385876
15 0 1 1.e10 0.1 0 1 1 0 0 30. 20. 2.3e9 0.1 500. 0.001 0.001 195.63941293108724 49.315060852381976 158.7670049263187 14.10570133524381 0. 0.04958548135421851 0.12762097057343427 0.5448536626182212 0.022037991712986003 0.05672043136597078 0.24215718338587605
16 0 1 1.e10 0.1 0 1 1 0 0 30. 20. 2.3e9 0.1 500. 0.001 0.001 68.09582178787286 247.0056447348578 171.62358607633962 41.51842677759753 0. 0.05424828840125149 0.36841806801934257 0.42063831984515515 0.024110350400556216 0.16374136356415223 0.18695036437562448
17 0 1 1.e10 0.1 0 1 1 0 0 30. 20. 2.3e9 0.1 500. 0.001 0.001 352.24422495606416 256.80850706657816 139.567373897489 70.32509297848436 0. 0.3430811549789566 0.40265422318152344 0.1891460901317139 0.1524805133239807 0.1789574325251215 0.0840649289474284
18 0 1 1.e10 0.1 0 1 1 0 0 30. 20. 2.3e9 0.1 500. 0.001 0.001 325.03175970312225 304.0313597652929 165.400068701392 117.86150718268117 0. 0.1251946662739422 0.480632088853562 -0.2625460654067076 0.05564207389952987 0.2136142617126942 -0.11668714018075893
19 0 1 1.e10 0.1 0 1 1 0 0 30. 20. 2.3e9 0.1 500. 0.001 0.001 63.468817476962954 21.39735322710169 102.6362404137958 99.54538993233416 0. 0.5405956742243524 0.12119651962108342 -0.09316150707979966 0.24026474409971213 0.05386511983159263 -0.04140511425768873
20 0 1 1.e10 0.1 0 1 1 0 0 30. 20. 2.3e9 0.1 500. 0.001 0.001 7.195415439492308 319.92284419177145 108.76586983902848 121.84596115866488 0. 0.4518572804454292 0.1535244688377254 -0.2964229770720892 0.2008254579757463 0.06823309726121128 -0.13174354536537297
21 0 1 1.e10 0.1 0 1 1 0 0 30. 20. 2.3e9 0.1 500. 0.001 0.001 351.18279274986537 227.87095771201473 218.06321724903023 97.79783787678738 0. -0.34315970430515086 0.4382268927844427 -0.07622305124710871 -0.15251542413562258 0.19476750790419672 -0.03387691166538164
22 0 1 1.e10 0.1 0 1 1 0 0 30. 20. 2.3e9 0.1 500. 0.001 0.001 267.1832876532317 124.00542073125308 265.52578686411675 69.71237095484541 0. -0.5253356538750157 0.041106921004396293 0.1947922420759444 -0.23348251283334032 0.01826974266862057 0.08657432981153083
23 0 1 1.e10 0.1 0 1 1 0 0 30. 20. 2.3e9 0.1 500. 0.001 0.001 233.98318103710847 73.8634651897645 314.2508479562183 131.16962310829072 0. -0.3029179627459305 -0.2950983522876188 -0.3698229523470829 -0.13463020566485798 -0.13115482323894168 -0.16436575659870348
24 0 1 1.e10 0.1 0 1 1 0 0 30. 20. 2.3e9 0.1 500. 0.001 0.001 84.73536510988822 276.24552679904 262.7919665512244 105.44607105949494 0. -0.5372224636906033 0.06794350741822212 -0.14962302652210221 -0.2387655394180459 0.030197114408098715 -0.0664991228987121
25 0 1 1.e10 0.1 0 1 1 0 0 30. 20. 2.3e9 0.1 500. 0.001 0.001 280.6422660412726 287.82974514722116 295.6110365369774 102.47890051434914 0. -0.4946283967849859 -0.2371033791715475 -0.12139226680095096 -0.21983484301554926 -0.10537927963179888 -0.053952118578200425
26 0 1 1.e10 0.1 0 1 1 0 0 30. 20. 2.3e9 0.1 500. 0.001 0.001 293.3809920373951 285.03569817388814 84.50024142651256 135.93834468962626 0. 0.3888903385825294 -0.03744422670063431 -0.4036998640124646 0.17284015048112417 -0.016641878533615248 -0.17942216178331757
27 0 1 1.e10 0.1 0 1 1 0 0 30. 20. 2.3e9 0.1 500. 0.001 0.001 161.1412392654545 30.116707322069885 23.184360718682342 117.21209919825364 0. 0.19669339524412716 -0.45926625010992767 -0.2568999134624772 0.08741928677516761 -0.20411833338219004 -0.11417773931665653
28 0 1 1.e10 0.1 0 1 1 0 0 30. 20. 2.3e9 0.1 500. 0.001 0.001 188.0547539383956 233.93027189767145 189.001007835368 106.64444866234675 0. -0.0842108618410899 0.531625933290096 -0.1609153304105628 -0.037427049707151064 0.23627819257337596 -0.07151792462691679
29 0 1 1.e10 0.1 0 1 1 0 0 30. 20. 2.3e9 0.1 500. 0.001 0.001 342.4711427237695 358.4491420183433 60.878406198847074 68.47953002783758 0. 0.4565624042537753 -0.25434479883886507 0.20608454596440476 0.20291662411278902 -0.11304213281727335 0.09159313153973545
30 0 1 1.e10 0.1 0 1 1 0 0 30. 20. 2.3e9 0.1 500. 0.001 0.001 304.33833142461356 166.6316180081243 332.9282445617273 80.45461006766585 0. -0.2521354172678516 -0.4933153258490072 0.09316150707979948 -0.11206018545237847 -0.21925125593289208 0.04140511425768865
31 0 1 1.e10 0.1 0 1 1 0 0 30. 20. 2.3e9 0.1 500. 0.001 0.001 216.11794688828718 194.0680442530237 278.13236746639745 119.17222525809508 0. -0.4856014327271888 -0.0693912227503591 -0.2738383692951682 -0.21582285898986167 -0.03084054344460404 -0.12170594190896362
32 0 1 1.e10 0.1 0 1 1 0 0 30. 20. 2.3e9 0.1 500. 0.001 0.001 2.170635766798796 195.460211199848 301.0396174876994 56.7880413480275 0. -0.40272180228181564 -0.24235882816596843 0.30771528096054973 -0.17898746768080695 -0.1077150347404304 0.13676234709357765
33 0 1 1.e10 0.1 0 1 1 0 0 30. 20. 2.3e9 0.1 500. 0.001 0.001 282.26308566692023 10.929491587332791 132.1118434717958 103.66122206135296 0. 0.40496850274616125 0.36606920417350636 -0.13268457068941142 0.1799860012205161 0.16269742407711393 -0.058970920306405064
34 0 1 1.e10 0.1 0 1 1 0 0 30. 20. 2.3e9 0.1 500. 0.001 0.001 268.15734157098996 240.22004042561207 292.28696800742546 108.45637025316542 0. -0.4930876059537042 -0.2020989592588467 -0.17785378624325346 -0.21915004709053518 -0.08982175967059851 -0.07904612721922374
35 0 1 1.e10 0.1 0 1 1 0 0 30. 20. 2.3e9 0.1 500. 0.001 0.001 157.67649402607344 57.281423442819744 71.48062113872356 118.51482980560966 0. 0.4680811638927486 -0.1567938274324676 -0.2681922173509378 0.20803607284122158 -0.06968614552554114 -0.11919654104486124
36 0 1 1.e10 0.1 0 1 1 0 0 30. 20. 2.3e9 0.1 500. 0.001 0.001 241.5048452656357 14.202061309825694 215.0032851467845 32.9448204395065 0. -0.1752536999523708 0.2502576814069927 0.4714536873432277 -0.07789053331216479 0.11122563618088564 0.2095349721525456
37 0 1 1.e10 0.1 0 1 1 0 0 30. 20. 2.3e9 0.1 500. 0.001 0.001 34.795603641628816 38.95344368265472 27.48454550826068 82.78297949986646 0. 0.2572185982036692 -0.4944379028580395 0.07057689930287842 0.11431937697940853 -0.21975017904801752 0.031367510801279294
38 0 1 1.e10 0.1 0 1 1 0 0 30. 20. 2.3e9 0.1 500. 0.001 0.001 67.17045823156963 174.90429006668592 288.1603973809006 45.693906350169534 0. -0.3820034112472808 -0.1253038160340399 0.3924075601240038 -0.16977929388768034 -0.05569058490401772 0.17440336005511278
39 0 1 1.e10 0.1 0 1 1 0 0 30. 20. 2.3e9 0.1 500. 0.001 0.001 58.05393496535464 139.93689964534593 56.42408440847805 154.09191296333495 0. 0.2045088472406254 -0.1357514746352174 -0.5053305990086092 0.0908928209958335 -0.06033398872676328 -0.22459137733715964
40 0 1 1.e10 0.1 0 1 1 0 0 30. 20. 2.3e9 0.1 500. 0.001 0.001 330.99851788590445 354.2066271816383 121.44196903850525 126.72600852682736 0. 0.38416445583661313 0.2348814049297498 -0.3359460406817011 0.17073975814960582 0.10439173552433323 -0.14930935141408935