1 0 1 1.e10 0.1 0 1 1 0 0 30. 20. 2.3e9 0.1 500. 0.001 0.001 317.57089286929795 234.13389247023906 173.3673046741029 61.48517019439034 0. 0.05701783830985706 0.49033992946381966 0.2681922173509379 0.025341261471047576 0.21792885753947538 0.11919654104486127
2 0 1 1.e10 0.1 0 1 1 0 0 30. 20. 2.3e9 0.1 500. 0.001 0.001 274.6766872281471 334.58049107226134 268.9577520356164 97.21702050013354 0. -0.5572499177335074 0.010137861239726665 -0.07057689930287835 -0.24766663010378104 0.004505716106545184 -0.031367510801279266
3 0 1 1.e10 0.1 0 1 1 0 0 30. 20. 2.3e9 0.1 500. 0.001 0.001 9.215892760137592 75.65530781718121 127.10244182989152 148.12963937854323 0. 0.2365766462207172 0.17893736215381334 -0.47709983928745775 0.10514517609809651 0.07952771651280592 -0.21204437301664786
4 0 1 1.e10 0.1 0 1 1 0 0 30. 20. 2.3e9 0.1 500. 0.001 0.001 3.5831269935594037 207.14282699754892 73.2372070849155 141.15935710683166 0. 0.3373604515051684 -0.10161612523283024 -0.43757677567784603 0.1499379784467415 -0.04516272232570233 -0.19447856696793153
5 0 1 1.e10 0.1 0 1 1 0 0 30. 20. 2.3e9 0.1 500. 0.001 0.001 150.0000833997588 35.52274918844017 8.084267779839706 65.98131413311538 0. 0.07216381111943757 -0.5080493561177587 0.22866915374132607 0.032072804941972254 -0.22579971383011496 0.1016307349961449
6 0 1 1.e10 0.1 0 1 1 0 0 30. 20. 2.3e9 0.1 500. 0.001 0.001 108.59243664099 93.50618821670969 200.98842429911667 83.3630522147832 0. -0.19987412407106145 0.5210044897445689 0.06493074735864807 -0.08883294403158284 0.23155755099758618 0.02885810993717692
7 0 1 1.e10 0.1 0 1 1 0 0 30. 20. 2.3e9 0.1 500. 0.001 0.001 202.21518204701124 149.224338335237 94.32183037688844 139.35789032029666 0. 0.3648733023847137 0.027574772489418652 -0.42628447178938544 0.16216591217098386 0.012255454439741622 -0.18945976523972685
8 0 1 1.e10 0.1 0 1 1 0 0 30. 20. 2.3e9 0.1 500. 0.001 0.001 261.2198768300799 160.4947062200231 167.86852065482606 73.95564121086187 0. 0.11346519116047084 0.52785270518681 0.15526917846633242 0.05042897384909815 0.2346012023052489 0.06900852376281441
9 0 1 1.e10 0.1 0 1 1 0 0 30. 20. 2.3e9 0.1 500. 0.001 0.001 144.72331656643456 240.45693308978105 339.72799670479617 56.097032610520934 0. -0.16155504579701202 -0.43739675959603735 0.31336143290477997 -0.07180224257644978 -0.19439855982046103 0.13927174795768
10 0 1 1.e10 0.1 0 1 1 0 0 30. 20. 2.3e9 0.1 500. 0.001 0.001 108.71611190952302 147.27892391841237 284.3564138328353 123.90296738947904 0. -0.45171791613055956 -0.1156152341789492 -0.3133614329047798 -0.2007635182802487 -0.05138454852397742 -0.1392717479576799
11 0 1 1.e10 0.1 0 1 1 0 0 30. 20. 2.3e9 0.1 500. 0.001 0.001 216.46027240447916 112.29676378559464 121.75258262277379 37.91310869075289 0. 0.2935355456438919 0.18166360569300524 0.4432229276220763 0.13046024250839638 0.08073938030800232 0.1969879678320339
12 0 1 1.e10 0.1 0 1 1 0 0 30. 20. 2.3e9 0.1 500. 0.001 0.001 221.98663007528467 235.23066915173047 179.1621610320916 122.5263636500231 0. 0.006926288357436764 0.47362180438049634 -0.3020691290163194 0.003078350381083006 0.210498579724665 -0.13425294622947526
13 0 1 1.e10 0.1 0 1 1 0 0 30. 20. 2.3e9 0.1 500. 0.001 0.001 183.95349959250905 7.422701269480683 294.6309730637189 131.93912732915612 0. -0.3798690248035977 -0.17416607441510504 -0.37546910429131325 -0.16883067769048785 -0.07740714418449113 -0.16687515746280587
14 0 1 1.e10 0.1 0 1 1 0 0 30. 20. 2.3e9 0.1 500. 0.001 0.001 189.5568290655616 95.98986946265444 81.75344312318606 150.38266075374608 0. 0.274770079095595 -0.03982290644288768 -0.4883921431759184 0.12212003515359776 -0.017699069530172303 -0.2170631747448526
15 0 1 1.e10 0.1 0 1 1 0 0 30. 20. 2.3e9 0.1 500. 0.001 0.001 223.41568817373627 25.832150088821777 24.812286557006246 16.301583831491882 0. 0.0661747195252042 -0.1431345964057743 0.5392075106739909 0.029410986455646312 -0.06361537618034413 0.2396477825217737
16 0 1 1.e10 0.1 0 1 1 0 0 30. 20. 2.3e9 0.1 500. 0.001 0.001 337.8210365402035 319.08504823437045 21.48725421152932 50.34301689677514 0. 0.15842686201486242 -0.40245254287641036 0.35853064845862226 0.07041193867327217 -0.17886779683396015 0.15934695487049877
17 0 1 1.e10 0.1 0 1 1 0 0 30. 20. 2.3e9 0.1 500. 0.001 0.001 339.6531354226647 221.0860995955269 71.25674304462359 62.78790080174637 0. 0.4731180971894754 -0.16053985902107654 0.2568999134624773 0.21027470986198904 -0.07135104845381178 0.11417773931665656
18 0 1 1.e10 0.1 0 1 1 0 0 30. 20. 2.3e9 0.1 500. 0.001 0.001 113.02557913334863 20.09453566113632 291.1855455440332 60.16614110836008 0. -0.4544026222082672 -0.17611929217879665 0.2794845212393984 -0.20195672098145206 -0.07827524096835406 0.12421534277306594
19 0 1 1.e10 0.1 0 1 1 0 0 30. 20. 2.3e9 0.1 500. 0.001 0.001 65.9773419750295 220.58565957700876 101.91613156951325 171.86939014107955 0. 0.07774227774721378 0.016405729144092773 -0.5561459665066816 0.03455212344320612 0.007291435175152342 -0.2471759851140807
20 0 1 1.e10 0.1 0 1 1 0 0 30. 20. 2.3e9 0.1 500. 0.001 0.001 75.53472727108976 105.89260596023445 191.35748612446605 104.84950466795863 0. -0.1069389302561654 0.5323965350583906 -0.14397687457787195 -0.047528413447184614 0.23662068224817356 -0.06398972203460974
21 0 1 1.e10 0.1 0 1 1 0 0 30. 20. 2.3e9 0.1 500. 0.001 0.001 87.37334378772448 0.10293204693073221 115.47159424929293 8.13060985892038 0. 0.07173136740061234 0.0341704642770995 0.5561459665066817 0.03188060773360549 0.01518687301204422 0.24717598511408076
22 0 1 1.e10 0.1 0 1 1 0 0 30. 20. 2.3e9 0.1 500. 0.001 0.001 114.53894172391108 161.14023964810576 178.15881038451175 112.14079409869684 0. 0.016719011516874795 0.5200980022810567 -0.2117306979086352 0.0074306717852776856 0.23115466768046966 -0.09410253240383785
23 0 1 1.e10 0.1 0 1 1 0 0 30. 20. 2.3e9 0.1 500. 0.001 0.001 129.07275026111301 81.56181225347189 296.00150366711466 129.65698310322486 0. -0.3887347433907239 -0.18961123162015805 -0.3585306484586222 -0.17277099706254392 -0.08427165849784803 -0.15934695487049874
24 0 1 1.e10 0.1 0 1 1 0 0 30. 20. 2.3e9 0.1 500. 0.001 0.001 21.103211073205046 52.49360509230985 194.26772179980662 142.0868913092471 0. -0.08507622098690609 0.33455465743646173 -0.44322292762207627 -0.03781165377195826 0.14869095886064965 -0.19698796783203387
25 0 1 1.e10 0.1 0 1 1 0 0 30. 20. 2.3e9 0.1 500. 0.001 0.001 79.43499522793888 82.1160461479206 220.8107365907506 116.56645434029485 0. -0.3283999389817831 0.38031089014044595 -0.25125376151824697 -0.14595552843634801 0.16902706228464265 -0.1116683384525542
26 0 1 1.e10 0.1 0 1 1 0 0 30. 20. 2.3e9 0.1 500. 0.001 0.001 220.4067829758053 135.85463570088297 72.35170575977276 106.04435878913814 0. 0.5144994036949812 -0.16368625958101782 -0.15526917846633248 0.22866640164221383 -0.07274944870267458 -0.06900852376281442
27 0 1 1.e10 0.1 0 1 1 0 0 30. 20. 2.3e9 0.1 500. 0.001 0.001 37.72660207338362 260.8371896107342 280.0075818985738 114.6506745375841 0. -0.5028265913874694 -0.08873050363245055 -0.23431530568555653 -0.22347848506109752 -0.03943577939220024 -0.10414013586024734
28 0 1 1.e10 0.1 0 1 1 0 0 30. 20. 2.3e9 0.1 500. 0.001 0.001 254.25021670364708 19.698701255584808 325.7133531546418 143.0341204627326 0. -0.1903099463932375 -0.27912366340535383 -0.44886907956630645 -0.08458219839699443 -0.12405496151349056 -0.19949736869613618
29 0 1 1.e10 0.1 0 1 1 0 0 30. 20. 2.3e9 0.1 500. 0.001 0.001 185.59685251325516 103.60786174936646 102.78447612934991 47.28196803222025 0. 0.40251759203424947 0.09133507172598604 0.38111525623554326 0.17889670757077752 0.04059336521154935 0.1693845583269081
30 0 1 1.e10 0.1 0 1 1 0 0 30. 20. 2.3e9 0.1 500. 0.001 0.001 126.42860522000046 275.10194451627547 13.894211498483969 82.20216212321263 0. 0.13365587441422186 -0.5403124091235326 0.07622305124710864 0.059402610850765265 -0.2401388484993478 0.033876911665381614
31 0 1 1.e10 0.1 0 1 1 0 0 30. 20. 2.3e9 0.1 500. 0.001 0.001 32.506687856883616 61.20856822121493 36.28165947441062 132.71803196777975 0. 0.2442469062850038 -0.33272504563745436 -0.38111525623554326 0.1085541805711128 -0.1478777980610908 -0.1693845583269081
32 0 1 1.e10 0.1 0 1 1 0 0 30. 20. 2.3e9 0.1 500. 0.001 0.001 171.15986268275753 154.23817090204398 93.60789802787201 149.23753690219567 0. 0.28677637689643043 0.018082128293335824 -0.48274599123168815 0.12745616750952463 0.00803650146370481 -0.21455377388075028
33 0 1 1.e10 0.1 0 1 1 0 0 30. 20. 2.3e9 0.1 500. 0.001 0.001 130.72129368119425 92.41426442706728 273.0234352011687 179.89999999999253 0. -0.0009791483829796341 -0.0000517165936181257 -0.5617921184509118 -0.00043517705910205953 -0.000022985152719166975 -0.24968538597818302
34 0 1 1.e10 0.1 0 1 1 0 0 30. 20. 2.3e9 0.1 500. 0.001 0.001 39.98124864345385 186.93757977827227 13.321667401708169 161.75881531356274 0. 0.040519222404060036 -0.17111930003932202 -0.5335613587297604 0.01800854329069335 -0.07605302223969868 -0.2371383816576713
35 0 1 1.e10 0.1 0 1 1 0 0 30. 20. 2.3e9 0.1 500. 0.001 0.001 163.65596770176967 348.725443123938 200.23157528340778 156.8671771251374 0. -0.07632429164550056 0.20709110185312832 -0.5166229028970697 -0.033921907398000245 0.09204048971250146 -0.2296101790653643
36 0 1 1.e10 0.1 0 1 1 0 0 30. 20. 2.3e9 0.1 500. 0.001 0.001 303.3564172293019 48.02993623819276 74.21489774883275 94.90057979982397 0. 0.5386308372413244 -0.15226590848421334 -0.04799229152595723 0.23939148321836637 -0.06767373710409481 -0.021329907344869878
37 0 1 1.e10 0.1 0 1 1 0 0 30. 20. 2.3e9 0.1 500. 0.001 0.001 336.7523081599694 309.39087410444483 45.711004172249204 75.15049533204137 0. 0.38871573816660954 -0.3791860760208645 0.1439768745778719 0.17276255029627088 -0.16852714489816198 0.06398972203460972
38 0 1 1.e10 0.1 0 1 1 0 0 30. 20. 2.3e9 0.1 500. 0.001 0.001 11.936926482601507 2.157254432978675 260.8263025628121 151.56954622960748 0. -0.2640439718806271 0.042641407434614184 -0.49403829512014874 -0.1173528763913898 0.0189517366376063 -0.21957257560895496
39 0 1 1.e10 0.1 0 1 1 0 0 30. 20. 2.3e9 0.1 500. 0.001 0.001 209.77593758961314 139.1418870606846 296.53515191703605 96.6369477852168 0. -0.49924565407472926 -0.2492972536845693 -0.06493074735864812 -0.22188695736654632 -0.11079877941536412 -0.028858109937176944
40 0 1 1.e10 0.1 0 1 1 0 0 30. 20. 2.3e9 0.1 500. 0.001 0.001 157.36108080649808 271.9024206703434 4.636110587478356 111.52046997216245 0. 0.042242556738833176 -0.5209184888968108 -0.20608454596440506 0.01877446966170363 -0.23151932839858255 -0.09159313153973557