1 0 1 1.e10 0.1 0 1 1 1 1 30. 20. 2.3e9 0.1 500. 0.001 0.001 333.15114943769504 233.4244575470684 106.36045606015676 115.92442733320829 0. 0.48480187137559766 0.14232144388594842 -0.24560760957401664 0.2154674983891545 0.0632539750604215 -0.10915893758845183 1.6372647320546132e15 -2.1288687347251712e14 2.8596975139305035e15
2 0 1 1.e10 0.1 0 1 1 1 1 30. 20. 2.3e9 0.1 500. 0.001 0.001 326.36079678437136 120.64060756826757 144.00480139662568 158.37982828169092 0. 0.1216537938079653 0.16747159331370068 -0.5222690548413 0.05406835280354013 0.07443181925053363 -0.23211957992946666 1.206932415973047e15 1.1266191756757172e15 2.8596975139305035e15
3 0 1 1.e10 0.1 0 1 1 1 1 30. 20. 2.3e9 0.1 500. 0.001 0.001 190.6948297355334 3.206027482818797 104.5863496852628 36.96587953726738 0. 0.3269397292721911 0.08507824982008268 0.44886907956630656 0.14530654634319604 0.0378125554755923 0.19949736869613624 -1.508987771999574e15 -6.700093489515876e14 2.8596975139305035e15
4 0 1 1.e10 0.1 0 1 1 1 1 30. 20. 2.3e9 0.1 500. 0.001 0.001 294.1794165559145 296.4434962556469 322.094498105052 39.749890861777445 0. -0.220697822583755 -0.2834426805327743 0.4319306237336158 -0.09808792114833555 -0.12597452468123305 0.19196916610382922 1.6500174941787092e15 5.830002256415528e13 2.8596975139305035e15
5 0 1 1.e10 0.1 0 1 1 1 1 30. 20. 2.3e9 0.1 500. 0.001 0.001 194.09050279772475 126.99185921906803 69.94608641557352 23.13282287486259 0. 0.20732677085940732 -0.07568178147309233 0.5166229028970698 0.09214523149306991 -0.03363634732137437 0.22961017906536435 -1.5893469228831775e15 -4.4713866132167944e14 2.8596975139305035e15
6 0 1 1.e10 0.1 0 1 1 1 1 30. 20. 2.3e9 0.1 500. 0.001 0.001 231.31769579564593 201.86123085865813 108.19778581378728 79.87017796078949 0. 0.5253750532726331 0.1727120310710702 0.09880765902402978 0.23350002367672582 0.0767609026982534 0.04391451512179101 -1.3814389730895578e15 -9.04202956949399e14 2.8596975139305035e15
7 0 1 1.e10 0.1 0 1 1 1 1 30. 20. 2.3e9 0.1 500. 0.001 0.001 343.4288789111449 352.2824643344702 22.63674103195325 55.40037684557344 0. 0.17798507817626555 -0.42681004968851827 0.3190075848490103 0.07910447918945133 -0.1896933554171192 0.14178114882178233 1.3254740976574352e15 9.844160909727025e14 2.8596975139305035e15
8 0 1 1.e10 0.1 0 1 1 1 1 30. 20. 2.3e9 0.1 500. 0.001 0.001 220.0041993468442 13.58725374239026 158.65166630648196 134.30609364983047 0. 0.14635360683583637 0.37444395346085263 -0.39240756012400374 0.06504604748259393 0.16641953487149005 -0.17440336005511275 -2.780396887974901e14 -1.6274675281492295e15 2.8596975139305035e15
9 0 1 1.e10 0.1 0 1 1 1 1 30. 20. 2.3e9 0.1 500. 0.001 0.001 155.08368997585865 102.7658828302732 106.46633599337525 101.30195483281426 0. 0.5283043548189233 0.1561532984145859 -0.11009996291249036 0.23480193547507702 0.06940146596203817 -0.04893331684999571 -1.649145527171852e15 -7.921902508767617e13 2.8596975139305035e15
10 0 1 1.e10 0.1 0 1 1 1 1 30. 20. 2.3e9 0.1 500. 0.001 0.001 230.1537698403481 256.0518588784107 300.0645130388534 90.86378687485296 0. -0.4861551465518262 -0.2814121380100701 -0.00846922791634555 -0.21606895402303383 -0.1250720613378089 -0.003764101296153578 8.336231193023083e13 1.64894128114873e15 2.8596975139305035e15
11 0 1 1.e10 0.1 0 1 1 1 1 30. 20. 2.3e9 0.1 500. 0.001 0.001 249.4720080859464 113.18693950468173 173.41948932099524 43.22732249417173 0. 0.04409423725678694 0.38223406862922227 0.4093460159566947 0.019597438780794195 0.16988180827965432 0.18193156264741983 5.007495297224412e13 -1.650287587910542e15 2.8596975139305035e15
12 0 1 1.e10 0.1 0 1 1 1 1 30. 20. 2.3e9 0.1 500. 0.001 0.001 287.5174779707055 250.46074837081892 255.7599190970824 135.11638223889844 0. -0.3842586855313729 0.09751846318583057 -0.3980537120682341 -0.17078163801394347 0.043341539193702476 -0.17691276091921515 6.144131696971202e14 -1.5324663391505558e15 2.8596975139305035e15
13 0 1 1.e10 0.1 0 1 1 1 1 30. 20. 2.3e9 0.1 500. 0.001 0.001 153.72749139992993 87.40327763671019 327.3595815936105 65.34932546241593 0. -0.2753972711675039 -0.4299581680985976 0.23431530568555628 -0.12239878718555727 -0.19109251915493225 0.10414013586024723 9.797457289057111e14 -1.3289299945511745e15 2.8596975139305035e15
14 0 1 1.e10 0.1 0 1 1 1 1 30. 20. 2.3e9 0.1 500. 0.001 0.001 1.9601217364887589 36.28650549090912 134.74335811445263 128.17675426581144 0. 0.31367506333827383 0.31087752002939784 -0.3472383445701619 0.13941113926145504 0.13816778667973237 -0.15432815314229417 1.1898234217782378e15 1.1446732497593772e15 2.8596975139305035e15
15 0 1 1.e10 0.1 0 1 1 1 1 30. 20. 2.3e9 0.1 500. 0.001 0.001 278.5380616458531 358.9626707055817 76.87068782331579 128.91300939232448 0. 0.4257047544879602 -0.09929420872263836 -0.3528844965143921 0.18920211310576007 -0.044130759432283714 -0.15683755400639646 -1.3725914744921798e15 -9.175779355881174e14 2.8596975139305035e15
16 0 1 1.e10 0.1 0 1 1 1 1 30. 20. 2.3e9 0.1 500. 0.001 0.001 247.77914457889426 129.31645431448618 135.08216339156274 77.5210994856509 0. 0.3873063007401535 0.3884187080041717 0.12139226680095067 0.1721361336622904 0.17263053689074295 0.053952118578200293 3.674120178654508e14 1.609647487139593e15 2.8596975139305035e15
17 0 1 1.e10 0.1 0 1 1 1 1 30. 20. 2.3e9 0.1 500. 0.001 0.001 48.83621621833845 115.54079191155068 13.268786684320276 94.32287089332003 0. 0.12857563943330333 -0.5452398143629713 -0.04234613958172687 0.057144728637023696 -0.24232880638354276 -0.018820506480767496 -1.5838572240678e15 4.6621123698921156e14 2.8596975139305035e15
18 0 1 1.e10 0.1 0 1 1 1 1 30. 20. 2.3e9 0.1 500. 0.001 0.001 123.2972189450025 114.00243748797953 10.943729535211332 46.49316030497152 0. 0.07735495006066617 -0.4000539596149946 0.38676140817977356 0.034379977804740516 -0.1778017598288865 0.17189395919101044 1.0697785913822502e15 1.2575891177753478e15 2.8596975139305035e15
19 0 1 1.e10 0.1 0 1 1 1 1 30. 20. 2.3e9 0.1 500. 0.001 0.001 107.63551427344169 17.469466596301743 129.0220997508236 127.4478644055243 0. 0.34650762600226515 0.28081770745273227 -0.34159219262593127 0.15400338933434005 0.12480786997899211 -0.15181875227819167 7.648097003733879e14 -1.4632234094428428e15 2.8596975139305035e15
20 0 1 1.e10 0.1 0 1 1 1 1 30. 20. 2.3e9 0.1 500. 0.001 0.001 340.53915552814306 237.1639967943387 84.74973053722925 138.4815732224025 0. 0.37082822173065455 -0.03407608553884395 -0.4206383198451553 0.164812542991402 -0.015144926906152864 -0.18695036437562457 1.647270120209102e15 1.1161440226538494e14 2.8596975139305035e15
21 0 1 1.e10 0.1 0 1 1 1 1 30. 20. 2.3e9 0.1 500. 0.001 0.001 141.80259647931467 255.12579159462405 261.49006551928835 89.13621312514707 0. -0.5555446179634926 0.08312517903754198 0.008469227916345246 -0.2469087190948856 0.03694452401668532 0.0037641012961534426 1.3923399491719002e15 8.873252445787616e14 2.8596975139305035e15
22 0 1 1.e10 0.1 0 1 1 1 1 30. 20. 2.3e9 0.1 500. 0.001 0.001 129.74802606831412 221.12816264525122 201.4785420864623 35.00577479425949 0. -0.11800282667218122 0.29989694869087163 0.46016138345476715 -0.052445700743191645 0.1332875327514985 0.20451617042434092 6.290417870930655e14 1.5265199159583638e15 2.8596975139305035e15
23 0 1 1.e10 0.1 0 1 1 1 1 30. 20. 2.3e9 0.1 500. 0.001 0.001 37.83766639155772 319.7844892114392 165.2642177016454 42.37985798755818 0. 0.09631987852409721 0.36621759562003425 0.41499216790092497 0.042808834899598754 0.16276337583112632 0.1844409635115222 -7.710588434113388e14 1.4599400274408318e15 2.8596975139305035e15
24 0 1 1.e10 0.1 0 1 1 1 1 30. 20. 2.3e9 0.1 500. 0.001 0.001 208.3422902591891 357.46333265665953 168.70244154302839 62.13849281731885 0. 0.09729978165355514 0.48704585183466315 0.2625460654067076 0.04324434740158006 0.21646482303762804 0.11668714018075892 -1.0511518578241156e15 -1.2731992756515682e15 2.8596975139305035e15
25 0 1 1.e10 0.1 0 1 1 1 1 30. 20. 2.3e9 0.1 500. 0.001 0.001 222.8689288727304 166.44804518075614 244.9009306905109 126.01087543872437 0. -0.4115274406228509 0.19276538816433206 -0.33029988873747085 -0.18290108472126707 0.08567350585081424 -0.14679995054998704 1.4352746032249495e15 8.160535748737528e14 2.8596975139305035e15
26 0 1 1.e10 0.1 0 1 1 1 1 30. 20. 2.3e9 0.1 500. 0.001 0.001 76.72085025108015 84.34645354250051 42.07579639835234 104.25458070854695 0. 0.3648739545066973 -0.4041570910648784 -0.13833072263364163 0.16216620200297657 -0.1796253738066126 -0.06148032117050739 -2.2580242207854803e14 1.6355335184306768e15 2.8596975139305035e15
27 0 1 1.e10 0.1 0 1 1 1 1 30. 20. 2.3e9 0.1 500. 0.001 0.001 348.6717195420099 20.6590428035654 115.32187695478456 78.11020863652116 0. 0.4969206949112426 0.23512551036463042 0.11574611485672055 0.22085364218277445 0.10450022682872462 0.051442717714098016 -1.6505004937338392e15 -4.24822776122063e13 2.8596975139305035e15
28 0 1 1.e10 0.1 0 1 1 1 1 30. 20. 2.3e9 0.1 500. 0.001 0.001 118.65199668192844 248.0263483978365 83.88385451782949 110.90278303847423 0. 0.5218324797553663 -0.05591653632606151 -0.20043839402017466 0.23192554655794057 -0.024851793922693998 -0.08908373067563317 -1.6469574462043148e15 1.1613696275919148e14 2.8596975139305035e15
29 0 1 1.e10 0.1 0 1 1 1 1 30. 20. 2.3e9 0.1 500. 0.001 0.001 36.862672436118544 318.757433191613 121.46813362074806 72.14963171605918 0. 0.45610331092625866 0.27915165450156987 0.17220763429902328 0.20271258263389272 0.1240674020006977 0.07653672635512145 1.5977260052810745e15 -4.162069626704341e14 2.8596975139305035e15
30 0 1 1.e10 0.1 0 1 1 1 1 30. 20. 2.3e9 0.1 500. 0.001 0.001 253.23734349682297 358.42914658579514 317.97714794441663 69.09721696152579 0. -0.35132850199620297 -0.3898770057947026 0.20043839402017458 -0.1561460008872013 -0.17327866924209 0.08908373067563315 1.6418576545705388e15 1.7395420620064788e14 2.8596975139305035e15
31 0 1 1.e10 0.1 0 1 1 1 1 30. 20. 2.3e9 0.1 500. 0.001 0.001 270.20239046468714 299.19638522257435 306.63317018597854 11.50767059936594 0. -0.08993883793663988 -0.06687529706131212 0.5504998145624515 -0.03997281686072884 -0.029722354249472054 0.2446665842499784 1.2118605366854338e15 1.1213164867026885e15 2.8596975139305035e15
32 0 1 1.e10 0.1 0 1 1 1 1 30. 20. 2.3e9 0.1 500. 0.001 0.001 300.8702138030228 31.97150274733457 322.99057406808924 57.47363634997689 0. -0.28512542490392506 -0.3782447344357931 0.30206912901631955 -0.12672241106841112 -0.16810877086035245 0.13425294622947534 1.3136006637695895e15 -1.0002049389354474e15 2.8596975139305035e15
33 0 1 1.e10 0.1 0 1 1 1 1 30. 20. 2.3e9 0.1 500. 0.001 0.001 347.9906885700086 244.95634529385507 146.62471022824474 100.71532122078101 0. 0.30366497239211915 0.46096456661659563 -0.10445381096826002 0.13496220995205294 0.20487314071848692 -0.04642391598589334 -2.9061468896699944e14 1.625269124263235e15 2.8596975139305035e15
34 0 1 1.e10 0.1 0 1 1 1 1 30. 20. 2.3e9 0.1 500. 0.001 0.001 156.30111349125957 317.8028790748606 215.71886678719488 86.25439800789438 0. -0.32727897954365903 0.4551405565492863 0.03669998763749683 -0.14545732424162622 0.2022846917996828 0.016311105616665256 1.008951586757834e15 -1.3068945325869328e15 2.8596975139305035e15
35 0 1 1.e10 0.1 0 1 1 1 1 30. 20. 2.3e9 0.1 500. 0.001 0.001 289.38469203908767 350.6703394918179 284.5251017866266 137.62014201244182 0. -0.36656929384195946 -0.09497262317543453 -0.4149921679009249 -0.16291968615198196 -0.04221005474463757 -0.18444096351152217 -1.6436859140276165e15 1.5573451689964934e14 2.8596975139305035e15
36 0 1 1.e10 0.1 0 1 1 1 1 30. 20. 2.3e9 0.1 500. 0.001 0.001 156.77758278525494 43.4346963502212 114.58027678998894 60.82777474190494 0. 0.4460817588781936 0.20404645955670384 0.27383836929516814 0.19825855950141938 0.09068731535853503 0.12170594190896361 1.6379699383394268e15 2.0739118791092016e14 2.8596975139305035e15
37 0 1 1.e10 0.1 0 1 1 1 1 30. 20. 2.3e9 0.1 500. 0.001 0.001 329.53448919182347 264.26147739336875 91.77768681641038 64.71412126974627 0. 0.5077219058623413 0.01575788435752814 0.23996145762978655 0.22565418038326282 0.0070035041589013945 0.10664953672434957 1.6492567038237365e15 -7.686968595767773e13 2.8596975139305035e15
38 0 1 1.e10 0.1 0 1 1 1 1 30. 20. 2.3e9 0.1 500. 0.001 0.001 142.40099696767567 112.41479079377632 68.3566329864592 70.93548091612656 0. 0.493544066943191 -0.19584017062413409 0.18349993818748386 0.21935291864141818 -0.08704007583294848 0.08155552808332615 4.470070231303636e14 1.5893839514097588e15 2.8596975139305035e15
39 0 1 1.e10 0.1 0 1 1 1 1 30. 20. 2.3e9 0.1 500. 0.001 0.001 186.16454687707017 185.8077059863282 281.22112419851396 21.620171718309066 0. -0.2030366724002879 -0.04028014120529583 0.5222690548413 -0.09023852106679461 -0.017902284980131477 0.2321195799294667 1.573887328882306e15 -4.9883394001459906e14 2.8596975139305035e15
40 0 1 1.e10 0.1 0 1 1 1 1 30. 20. 2.3e9 0.1 500. 0.001 0.001 93.41495771889515 353.1832303159591 235.29191109702276 107.85036828394084 0. -0.4395972478689492 0.30448339218240594 -0.17220763429902333 -0.19537655460842185 0.1353259520810693 -0.07653672635512147 -1.5897782099814292e15 -4.4560281282214875e14 2.8596975139305035e15