1 0 1 1.e10 0.1 0 1 1 1 1 30. 20. 2.3e9 0.1 500. 0.001 0.001 127.86369247334761 74.6906939972198 142.2942436293049 109.06451908387344 0. 0.32475046528867707 0.42009076845332205 -0.18349993818748378 0.1443335401283009 0.18670700820147643 -0.08155552808332613 3.6808838340414305e13 1.650636765962396e15 2.8596975139305035e15
2 0 1 1.e10 0.1 0 1 1 1 1 30. 20. 2.3e9 0.1 500. 0.001 0.001 243.73966657526955 45.04341566900007 5.433301922537396 95.4787885974077 0. 0.052951448165200074 -0.5567139366667849 -0.05363844347018767 0.023533976962311142 -0.24742841629634882 -0.023839308208972294 -1.542941479643004e15 5.876122991597656e14 2.8596975139305035e15
3 0 1 1.e10 0.1 0 1 1 1 1 30. 20. 2.3e9 0.1 500. 0.001 0.001 68.72222385535724 50.686960138868244 350.5838411329072 76.93064671502098 0. -0.08953090397158624 -0.5398673940482791 0.12703841874518118 -0.039791512876260544 -0.23994106402145737 0.056461519442302745 1.647189709743692e15 1.1279487506646373e14 2.8596975139305035e15
4 0 1 1.e10 0.1 0 1 1 1 1 30. 20. 2.3e9 0.1 500. 0.001 0.001 243.89483608859825 285.9990289182707 228.23512767861587 44.06165531037377 0. -0.29140874861392346 0.26022818215425914 0.4036998640124644 -0.12951499938396596 0.11565696984633739 0.17942216178331746 3.263624221190265e14 1.6184697072096748e15 2.8596975139305035e15
5 0 1 1.e10 0.1 0 1 1 1 1 30. 20. 2.3e9 0.1 500. 0.001 0.001 19.11945618291145 27.84616310456113 187.87087202561543 96.05755763540962 0. -0.07650291592854865 0.5533931571321636 -0.05928459541441789 -0.03400129596824384 0.24595251428096157 -0.026348709073074614 1.6457648896646628e15 1.3196420603265217e14 2.8596975139305035e15
6 0 1 1.e10 0.1 0 1 1 1 1 30. 20. 2.3e9 0.1 500. 0.001 0.001 234.49698273790852 28.959186764459673 107.73215295495254 100.12982203921051 0. 0.5267612893487598 0.16843674278953688 -0.09880765902402984 0.23411612859944875 0.0748607745731275 -0.04391451512179104 -8.706566816923644e14 -1.4028234266475625e15 2.8596975139305035e15
7 0 1 1.e10 0.1 0 1 1 1 1 30. 20. 2.3e9 0.1 500. 0.001 0.001 259.48308655011385 88.16437896872418 145.00532932694864 107.24642350378767 0. 0.3077023169572765 0.43953145791242637 -0.1665614823547929 0.1367565853143451 0.19534731462774504 -0.07402732549101906 1.6477948697918985e15 -1.0357939377244956e14 2.8596975139305035e15
8 0 1 1.e10 0.1 0 1 1 1 1 30. 20. 2.3e9 0.1 500. 0.001 0.001 173.35923146465586 242.93131545964695 308.3987491310106 89.71208073675353 0. -0.44027553743589665 -0.34894244100899124 0.0028230759721153244 -0.19567801663817627 -0.15508552933732944 0.001254700432051255 1.4188013394744548e15 8.443692218646185e14 2.8596975139305035e15
9 0 1 1.e10 0.1 0 1 1 1 1 30. 20. 2.3e9 0.1 500. 0.001 0.001 46.69567266597642 208.8386024459585 49.112086233198795 83.94244236459036 0. 0.42233933016651004 -0.36568589349437264 0.05928459541441808 0.18770636896289333 -0.1625270637752767 0.026348709073074697 1.4853783609451562e15 7.208382263466946e14 2.8596975139305035e15
10 0 1 1.e10 0.1 0 1 1 1 1 30. 20. 2.3e9 0.1 500. 0.001 0.001 161.8371152704908 152.94481183287166 318.8583550496021 18.241184686437222 0. -0.11569647096276961 -0.13243092100011242 0.5335613587297606 -0.05142065376123093 -0.058858187111161066 0.23713838165767137 1.6161036449957435e15 3.378840516482542e14 2.8596975139305035e15
11 0 1 1.e10 0.1 0 1 1 1 1 30. 20. 2.3e9 0.1 500. 0.001 0.001 102.72120269001704 143.03634169805133 133.42470970070627 64.07557266679171 0. 0.36695978393223483 0.34731651969848804 0.2456076095740167 0.16309323730321545 0.15436289764377242 0.10915893758845185 -3.420348992347672e14 -1.6152302471883785e15 2.8596975139305035e15
12 0 1 1.e10 0.1 0 1 1 1 1 30. 20. 2.3e9 0.1 500. 0.001 0.001 26.43392506502323 257.22748896053156 262.17085149680486 163.69841616850812 0. -0.15622159592273388 0.021480669445745993 -0.5392075106739909 -0.06943182041010394 0.009546964198109329 -0.2396477825217737 1.3552598531970818e15 -9.429885227504059e14 2.8596975139305035e15
13 0 1 1.e10 0.1 0 1 1 1 1 30. 20. 2.3e9 0.1 500. 0.001 0.001 144.80342174154748 245.23151522869387 358.8393273874143 115.28587873025371 0. -0.01028945497281229 -0.5078621581967651 -0.2399614576297864 -0.004573091099027684 -0.22571651475411778 -0.1066495367243495 1.6493584635604612e15 -7.465441988417445e13 2.8596975139305035e15
14 0 1 1.e10 0.1 0 1 1 1 1 30. 20. 2.3e9 0.1 500. 0.001 0.001 159.62209727496804 65.39448262640394 91.15520976365178 165.89429866475615 0. 0.13688759134518141 0.0027603309493041397 -0.5448536626182211 0.06083892948674729 0.0012268137552462843 -0.242157183385876 -1.502313467633648e15 6.848436819401436e14 2.8596975139305035e15
15 0 1 1.e10 0.1 0 1 1 1 1 30. 20. 2.3e9 0.1 500. 0.001 0.001 60.221450424925365 138.39847802495325 225.24878333703975 14.10570133524381 0. -0.09723328175978702 0.09639253606714991 0.5448536626182212 -0.043214791893238666 0.04284112714095551 0.24215718338587605 -3.014313044529528e14 -1.6232978138414898e15 2.8596975139305035e15
16 0 1 1.e10 0.1 0 1 1 1 1 30. 20. 2.3e9 0.1 500. 0.001 0.001 50.61165024349401 161.10622712081977 314.5598319375348 41.51842677759753 0. -0.26533504347478015 -0.2612892350285537 0.42063831984515515 -0.11792668598879116 -0.11612854890157943 0.18695036437562448 1.6486632627880408e15 -8.869086570701738e13 2.8596975139305035e15
17 0 1 1.e10 0.1 0 1 1 1 1 30. 20. 2.3e9 0.1 500. 0.001 0.001 152.18786769208168 321.1607963169431 341.38840237928684 70.32509297848436 0. -0.16882917763557 -0.5013300421144817 0.1891460901317139 -0.07503519006025333 -0.22281335205088074 0.0840649289474284 -6.734843054197714e14 1.5074400532293205e15 2.8596975139305035e15
18 0 1 1.e10 0.1 0 1 1 1 1 30. 20. 2.3e9 0.1 500. 0.001 0.001 273.49618717908527 171.90840283093723 85.18795211778706 117.86150718268117 0. 0.4949191781984686 -0.04166432947419884 -0.2625460654067076 0.21996407919931937 -0.018517479766310595 -0.11668714018075893 1.4895939415448075e15 -7.1208602924069e14 2.8596975139305035e15
19 0 1 1.e10 0.1 0 1 1 1 1 30. 20. 2.3e9 0.1 500. 0.001 0.001 41.71886611825602 138.9808031461596 68.5742566663875 99.54538993233416 0. 0.5157277234479545 -0.20237883937194598 -0.09316150707979966 0.22921232153242418 -0.08994615083197598 -0.04140511425768873 8.236919780104549e14 1.43090466107564e15 2.8596975139305035e15
20 0 1 1.e10 0.1 0 1 1 1 1 30. 20. 2.3e9 0.1 500. 0.001 0.001 46.72701102688609 104.23327989570407 114.84616661115439 121.84596115866488 0. 0.43305368669283395 0.20052248967432518 -0.2964229770720892 0.19246830519681507 0.08912110652192229 -0.13174354536537297 -3.6874415060688144e14 -1.609342839521765e15 2.8596975139305035e15
21 0 1 1.e10 0.1 0 1 1 1 1 30. 20. 2.3e9 0.1 500. 0.001 0.001 21.882769054372545 319.91939534356686 204.15343019909778 97.79783787678738 0. -0.22774964311932264 0.5078695622670522 -0.07622305124710871 -0.10122206360858782 0.22571980545202314 -0.03387691166538164 -1.0932508504062022e14 -1.6474236399626022e15 2.8596975139305035e15
22 0 1 1.e10 0.1 0 1 1 1 1 30. 20. 2.3e9 0.1 500. 0.001 0.001 215.8952446603297 160.196194723546 154.0392149307437 69.71237095484541 0. 0.2306717348041346 0.4737698586330741 0.1947922420759444 0.1025207710240598 0.21056438161469956 0.08657432981153083 1.1537619105601878e15 -1.1810123104638975e15 2.8596975139305035e15
23 0 1 1.e10 0.1 0 1 1 1 1 30. 20. 2.3e9 0.1 500. 0.001 0.001 192.7933437683988 159.08380416283353 49.90636572561476 131.16962310829072 0. 0.3235136412848468 -0.2723623571267366 -0.3698229523470829 0.14378384057104301 -0.12104993650077182 -0.16436575659870348 1.4850817694790612e15 7.214490707511576e14 2.8596975139305035e15
24 0 1 1.e10 0.1 0 1 1 1 1 30. 20. 2.3e9 0.1 500. 0.001 0.001 62.36191365744634 217.14884470478034 122.72956229292686 105.44607105949494 0. 0.4555286779723174 0.2927762272434093 -0.14962302652210221 0.2024571902099188 0.13012276766373745 -0.0664991228987121 1.1989475111867945e15 1.1351129851894745e15 2.8596975139305035e15
25 0 1 1.e10 0.1 0 1 1 1 1 30. 20. 2.3e9 0.1 500. 0.001 0.001 139.85658872430008 312.38014744128327 77.96851016090966 102.47890051434914 0. 0.5364717188685523 -0.1143387868348842 -0.12139226680095096 0.23843187505268987 -0.05081723859328186 -0.053952118578200425 -4.8382666085839694e14 1.5785652935401128e15 2.8596975139305035e15
26 0 1 1.e10 0.1 0 1 1 1 1 30. 20. 2.3e9 0.1 500. 0.001 0.001 356.9101240168869 138.57272674874554 244.1084005203959 135.93834468962626 0. -0.35147219729588897 0.17060205181662558 -0.4036998640124646 -0.1562098654648395 0.07582313414072248 -0.17942216178331757 -1.4162423472567568e15 -8.486543687293668e14 2.8596975139305035e15
27 0 1 1.e10 0.1 0 1 1 1 1 30. 20. 2.3e9 0.1 500. 0.001 0.001 67.65506839078438 88.82228930498042 202.52515359907477 117.21209919825364 0. -0.1913964816237667 0.4614988266992021 -0.2568999134624772 -0.08506510294389631 0.20511058964408982 -0.11417773931665653 -1.4619313278852462e15 -7.672766230470266e14 2.8596975139305035e15
28 0 1 1.e10 0.1 0 1 1 1 1 30. 20. 2.3e9 0.1 500. 0.001 0.001 257.4760037526795 325.88767557720723 195.8177279459427 106.64444866234675 0. -0.14671623368460898 0.5178725219317858 -0.1609153304105628 -0.06520721497093732 0.23016556530301588 -0.07151792462691679 -1.1621372983228138e15 -1.1727717269672388e15 2.8596975139305035e15
29 0 1 1.e10 0.1 0 1 1 1 1 30. 20. 2.3e9 0.1 500. 0.001 0.001 287.4052171169874 269.7900023115228 249.0285542078526 68.47953002783758 0. -0.48800897903609425 0.1870501057324466 0.20608454596440476 -0.21689287957159742 0.08313338032553182 0.09159313153973545 1.6510470611937652e15 -4.748159633200467e11 2.8596975139305035e15
30 0 1 1.e10 0.1 0 1 1 1 1 30. 20. 2.3e9 0.1 500. 0.001 0.001 53.58434593028613 359.54064790024995 165.36012278698456 80.45461006766585 0. 0.14002323109953888 0.5360277736375149 0.09316150707979948 0.06223254715535061 0.2382345660611177 0.04140511425768865 1.248151792929602e15 -1.0807745951554322e15 2.8596975139305035e15
31 0 1 1.e10 0.1 0 1 1 1 1 30. 20. 2.3e9 0.1 500. 0.001 0.001 139.58394847080996 311.49256656202306 98.48331394303005 119.17222525809508 0. 0.4851672929415876 0.07236429451891424 -0.2738383692951682 0.21562990797403891 0.032161908675072994 -0.12170594190896362 -1.4665882984497378e15 7.583372512128564e14 2.8596975139305035e15
32 0 1 1.e10 0.1 0 1 1 1 1 30. 20. 2.3e9 0.1 500. 0.001 0.001 161.1775976697743 216.07795437113316 143.01519243224845 56.7880413480275 0. 0.2827680183382965 0.37545292571523275 0.30771528096054973 0.12567467481702066 0.16686796698454787 0.13676234709357765 -3.468664165892664e14 1.6141995888889605e15 2.8596975139305035e15
33 0 1 1.e10 0.1 0 1 1 1 1 30. 20. 2.3e9 0.1 500. 0.001 0.001 118.93949252887279 343.0665730373871 70.9550107185957 103.66122206135296 0. 0.5160183065689962 -0.17813269701645876 -0.13268457068941142 0.22934146958622048 -0.07917008756287056 -0.058970920306405064 7.765468486209896e14 1.4570283510019898e15 2.8596975139305035e15
34 0 1 1.e10 0.1 0 1 1 1 1 30. 20. 2.3e9 0.1 500. 0.001 0.001 222.53679972266787 90.19774060610541 89.10780487521032 108.45637025316542 0. 0.5328325468307983 -0.008297801905907209 -0.17785378624325346 0.23681446525813252 -0.0036879119581809815 -0.07904612721922374 -5.040889770218087e14 -1.5722121125890982e15 2.8596975139305035e15
35 0 1 1.e10 0.1 0 1 1 1 1 30. 20. 2.3e9 0.1 500. 0.001 0.001 124.59928378004128 317.43912556460475 47.006288861939424 118.51482980560966 0. 0.3610652295112457 -0.33662468767175124 -0.2681922173509378 0.16047343533833142 -0.1496109722985561 -0.11919654104486124 8.732063618728421e14 -1.4012377647321542e15 2.8596975139305035e15
36 0 1 1.e10 0.1 0 1 1 1 1 30. 20. 2.3e9 0.1 500. 0.001 0.001 183.8108827936876 339.4521291579679 192.24666310034877 32.9448204395065 0. -0.0648072367474726 0.2985678959890974 0.4714536873432277 -0.028803216332210044 0.13269684266182105 0.2095349721525456 -1.0502621053298225e15 -1.2739333317858265e15 2.8596975139305035e15
37 0 1 1.e10 0.1 0 1 1 1 1 30. 20. 2.3e9 0.1 500. 0.001 0.001 157.33984943461178 31.72614952540573 193.24073230885608 82.78297949986646 0. -0.12765528065877046 0.5425259222972182 0.07057689930287842 -0.05673568029278687 0.24112263213209695 0.031367510801279294 -5.640827129023086e14 -1.551698204140077e15 2.8596975139305035e15
38 0 1 1.e10 0.1 0 1 1 1 1 30. 20. 2.3e9 0.1 500. 0.001 0.001 156.22378927107832 0.1173847996771542 231.83888184562488 45.693906350169534 0. -0.31610623268095195 0.24840390934425235 0.3924075601240038 -0.14049165896931196 0.11040173748633436 0.17440336005511278 -1.2322649349351222e15 -1.098853836438726e15 2.8596975139305035e15
39 0 1 1.e10 0.1 0 1 1 1 1 30. 20. 2.3e9 0.1 500. 0.001 0.001 154.47880751065213 71.93352771851721 61.99141301641981 154.09191296333495 0. 0.21671413609272513 -0.11527061500186994 -0.5053305990086092 0.09631739381898893 -0.05123138444527552 -0.22459137733715964 8.284343898643646e14 -1.4281642361496198e15 2.8596975139305035e15
40 0 1 1.e10 0.1 0 1 1 1 1 30. 20. 2.3e9 0.1 500. 0.001 0.001 59.32495131784896 217.29466487733498 91.9368491662787 126.72600852682736 0. 0.4500222216359916 0.015218526335380358 -0.3359460406817011 0.2000098762826629 0.00676378948239127 -0.14930935141408935 -1.4333796860464112e15 8.193773851872282e14 2.8596975139305035e15