1 0 1 1.e10 0.1 0 1 1 1 1 30. 20. 2.3e9 0.1 500. 0.001 0.001 313.56136183761373 9.052852767600427 84.27586246554034 31.870360621456747 0. 0.2951470925688352 -0.029585179731929215 0.4770998392874579 0.13117648558614897 -0.013148968769746317 0.21204437301664794 1.512473081537645e15 -6.621040713896786e14 2.8596975139305035e15
2 0 1 1.e10 0.1 0 1 1 1 1 30. 20. 2.3e9 0.1 500. 0.001 0.001 348.90297035248125 308.813711013432 135.3837442165767 24.55726398153219 0. 0.1639876523194455 0.16619914449888665 0.5109767509528396 0.07288340103086466 0.07386628644394962 0.22710077820126198 1.5534783860440365e15 -5.5916145058541325e14 2.8596975139305035e15
3 0 1 1.e10 0.1 0 1 1 1 1 30. 20. 2.3e9 0.1 500. 0.001 0.001 225.83196882071798 47.17837047152352 285.913631252159 110.2876290451546 0. -0.5067470342733156 -0.14448104180809018 -0.19479224207594442 -0.22522090412147358 -0.06421379635915118 -0.08657432981153085 -8.587027171407498e14 -1.410172424670778e15 2.8596975139305035e15
4 0 1 1.e10 0.1 0 1 1 1 1 30. 20. 2.3e9 0.1 500. 0.001 0.001 21.715230881608022 61.504732314303624 257.2480136252658 88.56025823174859 0. -0.547763182173889 0.12396611660390065 0.01411537986057579 -0.24345030318839508 0.05509605182395584 0.006273502160255907 1.205334759901512e15 1.1283282945578972e15 2.8596975139305035e15
5 0 1 1.e10 0.1 0 1 1 1 1 30. 20. 2.3e9 0.1 500. 0.001 0.001 206.94066689422243 238.80951551884982 273.470589470911 79.28467877921899 0. -0.5509846930473645 -0.03341579209645929 0.10445381096826009 -0.24488208579882867 -0.014851463153981906 0.04642391598589337 -5.588307748932146e14 -1.553597370221454e15 2.8596975139305035e15
6 0 1 1.e10 0.1 0 1 1 1 1 30. 20. 2.3e9 0.1 500. 0.001 0.001 91.12582822670606 60.7002152924631 12.241291135549659 76.33877793864706 0. 0.1157465751744222 -0.5334874701397249 0.13268457068941122 0.05144292229974319 -0.23710554228432212 0.05897092030640499 -1.1856682111596725e15 1.1489767259488725e15 2.8596975139305035e15
7 0 1 1.e10 0.1 0 1 1 1 1 30. 20. 2.3e9 0.1 500. 0.001 0.001 11.11143145081752 8.684127359798936 130.68552713476987 28.43045377039251 0. 0.20281842564101202 0.1743622520358218 0.49403829512014874 0.09014152250711645 0.07749433423814302 0.21957257560895496 1.3648921797739645e15 -9.2899190594894e14 2.8596975139305035e15
8 0 1 1.e10 0.1 0 1 1 1 1 30. 20. 2.3e9 0.1 500. 0.001 0.001 168.8807986978295 234.32682255110115 356.7871042081846 44.88361776110156 0. -0.022218960051405848 -0.395816757960876 0.3980537120682341 -0.009875093356180375 -0.17591855909372264 0.17691276091921515 1.646969584329116e15 -1.1596470161884444e14 2.8596975139305035e15
9 0 1 1.e10 0.1 0 1 1 1 1 30. 20. 2.3e9 0.1 500. 0.001 0.001 71.36451919301709 42.3167299697389 32.01252638765453 67.85920590130316 0. 0.2758487882984515 -0.4412356550836794 0.21173069790863527 0.12259946146597843 -0.19610473559274638 0.09410253240383788 1.6340827826940242e15 -2.3607219876495872e14 2.8596975139305035e15
10 0 1 1.e10 0.1 0 1 1 1 1 30. 20. 2.3e9 0.1 500. 0.001 0.001 110.77150537676056 257.5416634871033 325.89476539867906 63.433545659705146 0. -0.2817460772351545 -0.41605533411465784 0.251253761518247 -0.12522047877117978 -0.1849134818287368 0.11166833845255422 -7.29663474493501e14 1.4810630768866128e15 2.8596975139305035e15
11 0 1 1.e10 0.1 0 1 1 1 1 30. 20. 2.3e9 0.1 500. 0.001 0.001 11.906373147071463 208.70254005382162 358.1195108983944 113.38978861393119 0. -0.01692024265876279 -0.5153501642742597 -0.22302300179709572 -0.007520107848339017 -0.22904451745522653 -0.09912133413204254 2.2253145233858444e14 -1.6359817775411952e15 2.8596975139305035e15
12 0 1 1.e10 0.1 0 1 1 1 1 30. 20. 2.3e9 0.1 500. 0.001 0.001 85.01354379624735 95.38967971292209 90.70904996867529 71.54362974683458 0. 0.5328563484811266 0.006594570647475016 0.17785378624325351 0.2368250437693896 0.0029309202877666734 0.07904612721922377 1.3790460201598132e15 -9.078483893294899e14 2.8596975139305035e15
13 0 1 1.e10 0.1 0 1 1 1 1 30. 20. 2.3e9 0.1 500. 0.001 0.001 161.88290709668706 24.36947638422896 142.20755540501182 29.617339246253913 0. 0.17013912563107822 0.2194017734049811 0.4883921431759185 0.07561738916936808 0.09751189929110271 0.21706317474485262 -4.3641486695618906e14 1.5923249315470695e15 2.8596975139305035e15
14 0 1 1.e10 0.1 0 1 1 1 1 30. 20. 2.3e9 0.1 500. 0.001 0.001 32.85440152146492 134.33700894187115 80.52203493011172 81.6205372817502 0. 0.5482084628336956 -0.09152191325610086 0.08186920319133889 0.2436482057038647 -0.040676405891600376 0.03638631252948395 1.5998537824094375e15 -4.0795158859475506e14 2.8596975139305035e15
15 0 1 1.e10 0.1 0 1 1 1 1 30. 20. 2.3e9 0.1 500. 0.001 0.001 40.93546822392193 181.23683812766672 244.51411708604485 87.4078533625904 0. -0.5066067451924557 0.2414858196493959 0.02540768374903614 -0.2251585534188692 0.10732703095528706 0.011292303888460505 1.6241161881003622e15 2.969902881865284e14 2.8596975139305035e15
16 0 1 1.e10 0.1 0 1 1 1 1 30. 20. 2.3e9 0.1 500. 0.001 0.001 293.9778536068927 341.51086785119605 83.72662084883439 124.59962315442657 0. 0.4596651928267224 -0.050531347420179895 -0.31900758484901026 0.20429564125632105 -0.02245837663119106 -0.1417811488217823 1.3785796255493378e15 -9.085564593061981e14 2.8596975139305035e15
17 0 1 1.e10 0.1 0 1 1 1 1 30. 20. 2.3e9 0.1 500. 0.001 0.001 228.2022256588897 177.4044113459073 332.52743671977817 120.4999037427781 0. -0.22330733446434745 -0.4294713952570115 -0.28513067318362856 -0.09924770420637663 -0.19087617566978288 -0.12672474363716824 -6.58580398348702e14 -1.5140107273852562e15 2.8596975139305035e15
18 0 1 1.e10 0.1 0 1 1 1 1 30. 20. 2.3e9 0.1 500. 0.001 0.001 143.40211622605818 107.47868515930588 23.291090059036208 58.154038841335115 0. 0.18869648094250524 -0.4383359470809572 0.29642297707208926 0.08386510264111342 -0.1948159764804254 0.131743545365373 -1.533759025987339e15 6.111790849899374e14 2.8596975139305035e15
19 0 1 1.e10 0.1 0 1 1 1 1 30. 20. 2.3e9 0.1 500. 0.001 0.001 119.01429940406359 281.32226817669664 165.9214809575417 87.98415778045946 0. 0.13657234271508578 0.5445813280179244 0.01976153180480593 0.060698818984482567 0.24203614578574414 0.00878290302435819 -1.6504910926129268e15 4.2845967513352695e13 2.8596975139305035e15
20 0 1 1.e10 0.1 0 1 1 1 1 30. 20. 2.3e9 0.1 500. 0.001 0.001 165.60653875102048 195.3201588549823 293.39823700646014 35.99736807473049 0. -0.30303995570283626 -0.1311260284317019 0.45451523151053674 -0.1346844247568161 -0.05827823485853417 0.20200676956023852 -5.435757844444197e12 1.6510381813463382e15 2.8596975139305035e15
21 0 1 1.e10 0.1 0 1 1 1 1 30. 20. 2.3e9 0.1 500. 0.001 0.001 63.22839971331035 142.64338876950774 287.80477531617385 54.697827684187224 0. -0.4365282708152385 -0.140194028849193 0.32465373679324067 -0.19401256480677265 -0.062308457266307994 0.14429054968588473 -1.541004959583476e15 5.926722013608346e14 2.8596975139305035e15
22 0 1 1.e10 0.1 0 1 1 1 1 30. 20. 2.3e9 0.1 500. 0.001 0.001 139.39083943910566 234.9355801758096 171.6208278484155 74.55392894050507 0. 0.07890949855177441 0.5357215570913674 0.14962302652210216 0.035070888245233064 0.23809846981838545 0.06649912289871207 -5.87392947724098e14 1.5430249993732322e15 2.8596975139305035e15
23 0 1 1.e10 0.1 0 1 1 1 1 30. 20. 2.3e9 0.1 500. 0.001 0.001 19.905828360824387 309.45910132303425 236.56167421733733 53.98912456127564 0. -0.3792186538388404 0.2504127429672806 0.3302998887374709 -0.1685416239283735 0.1112945524299025 0.14679995054998707 -7.505866173570345e14 -1.4705700777492018e15 2.8596975139305035e15
24 0 1 1.e10 0.1 0 1 1 1 1 30. 20. 2.3e9 0.1 500. 0.001 0.001 321.43866588585615 215.6971127095602 65.81044275526943 103.06935328497902 0. 0.49919029694312617 -0.22423566478212786 -0.12703841874518124 0.22186235419694494 -0.09966029545872349 -0.056461519442302766 1.146304252153155e15 1.1882521555723618e15 2.8596975139305035e15
25 0 1 1.e10 0.1 0 1 1 1 1 30. 20. 2.3e9 0.1 500. 0.001 0.001 272.3837612907473 105.49842447911385 354.661699427362 168.49232940063405 0. -0.01042723503069989 -0.11159109595324582 -0.5504998145624513 -0.004634326680311062 -0.049596042645887024 -0.24466658424997836 -5.357397426232837e14 1.5617104571272828e15 2.8596975139305035e15
26 0 1 1.e10 0.1 0 1 1 1 1 30. 20. 2.3e9 0.1 500. 0.001 0.001 49.367923227137624 277.1638156197831 113.31115065101972 85.67712910667996 0. 0.5144657015175074 0.22168263843690864 0.04234613958172707 0.22865142289666995 0.0985256170830705 0.018820506480767583 2.1471813920173712e14 -1.6370255784270788e15 2.8596975139305035e15
27 0 1 1.e10 0.1 0 1 1 1 1 30. 20. 2.3e9 0.1 500. 0.001 0.001 105.06674930516357 92.87056743748326 322.61527634573883 133.50683969502848 0. -0.24739751135505567 -0.32376137860753096 -0.3867614081797735 -0.10995444949113584 -0.14389394604779152 -0.17189395919101041 -1.0746355731872538e15 -1.2534412665008562e15 2.8596975139305035e15
28 0 1 1.e10 0.1 0 1 1 1 1 30. 20. 2.3e9 0.1 500. 0.001 0.001 102.81241685297124 354.58794985629834 25.252764897991085 59.50009625722189 0. 0.20650500475490968 -0.4377985015743553 0.2851306731836287 0.09178000211329318 -0.19457711181082457 0.1267247436371683 -9.23042770914764e14 1.3689224473244502e15 2.8596975139305035e15
29 0 1 1.e10 0.1 0 1 1 1 1 30. 20. 2.3e9 0.1 500. 0.001 0.001 308.69939488906414 94.47716064385037 47.36726820732707 48.060872670843914 0. 0.3074479466853373 -0.2830372017268657 0.37546910429131297 0.1366435318601499 -0.12579431187860698 0.16687515746280573 1.214339520042684e15 1.1186313752927154e15 2.8596975139305035e15
30 0 1 1.e10 0.1 0 1 1 1 1 30. 20. 2.3e9 0.1 500. 0.001 0.001 78.92578790098952 170.6934712584565 138.33970720802165 93.16871361664433 0. 0.3728600177655517 0.41907327784092047 -0.031053835693266585 0.16571556345135632 0.1862547901515202 -0.013801704752562925 -2.3896848803498338e14 -1.633661741442531e15 2.8596975139305035e15
31 0 1 1.e10 0.1 0 1 1 1 1 30. 20. 2.3e9 0.1 500. 0.001 0.001 98.29954298059744 43.97123376499695 321.82026340113725 78.69804516718575 0. -0.3405272303607441 -0.4330479757593081 0.1100999629124903 -0.15134543571588627 -0.1924657670041369 0.04893331684999568 -1.5899978044725282e15 -4.4481862089992175e14 2.8596975139305035e15
32 0 1 1.e10 0.1 0 1 1 1 1 30. 20. 2.3e9 0.1 500. 0.001 0.001 0.002796018491949326 74.03097862775172 118.197878772806 109.67490702151565 0. 0.46621386784916335 0.2499594602585262 -0.18914609013171396 0.20720616348851703 0.11109309344823384 -0.08406492894742842 -1.7430828244012025e14 -1.6418201017162458e15 2.8596975139305035e15
33 0 1 1.e10 0.1 0 1 1 1 1 30. 20. 2.3e9 0.1 500. 0.001 0.001 263.4516678505481 211.74633846430584 266.8345910367194 130.40905293461398 0. -0.42711667995320796 0.023620870301817847 -0.3641768004028523 -0.1898296355347591 0.01049816457858571 -0.161856355734601 -1.5736327838068652e15 4.9963635321603956e14 2.8596975139305035e15
34 0 1 1.e10 0.1 0 1 1 1 1 30. 20. 2.3e9 0.1 500. 0.001 0.001 130.59901286231997 253.6135113375741 192.67123058643915 49.590947065386 0. -0.09383391577224823 0.4173509315419253 0.36417680040285244 -0.041703962565443654 0.18548930290752236 0.16185635573460108 7.247902275857768e14 -1.4834539931264892e15 2.8596975139305035e15
35 0 1 1.e10 0.1 0 1 1 1 1 30. 20. 2.3e9 0.1 500. 0.001 0.001 276.5694099309105 238.29380043485185 260.38627973727466 0.10000000000019954 0. -0.0009667429582022376 0.0001637504643457952 0.5617921184509119 -0.00042966353697877226 0.00007277798415368675 0.24968538597818307 1.0638637412474054e15 1.2625967542275098e15 2.8596975139305035e15
36 0 1 1.e10 0.1 0 1 1 1 1 30. 20. 2.3e9 0.1 500. 0.001 0.001 15.244662218930046 270.9046938174989 182.14247311606118 152.80369898991762 0. -0.009598923494462517 0.2565826568368149 -0.4996844470643789 -0.004266188219761119 0.11403673637191772 -0.22208197647305727 6.918503718218159e14 -1.4990996253540932e15 2.8596975139305035e15
37 0 1 1.e10 0.1 0 1 1 1 1 30. 20. 2.3e9 0.1 500. 0.001 0.001 191.3234259315725 149.5845939718368 213.0569811899211 66.6102113860688 0. -0.2812609867896461 0.43216240435657116 0.22302300179709578 -0.12500488301762047 0.1920721797140316 0.09912133413204256 -1.6405203470084868e15 -1.8614406995100103e14 2.8596975139305035e15
38 0 1 1.e10 0.1 0 1 1 1 1 30. 20. 2.3e9 0.1 500. 0.001 0.001 308.2085576651323 321.6052838844075 85.12883324775123 90.28791926324645 0. 0.5597567972964446 -0.0477043381906516 -0.002823075972115131 0.2487807987984198 -0.02120192808473404 -0.0012547004320511692 -1.4670100297892122e15 7.575210863234259e14 2.8596975139305035e15
39 0 1 1.e10 0.1 0 1 1 1 1 30. 20. 2.3e9 0.1 500. 0.001 0.001 280.2999925643444 235.07588521515527 174.4585353973215 98.961958599058 0. 0.053587864060045336 0.5523411529124936 -0.08751535513556909 0.02381682847113126 0.24548495684999713 -0.03889571339358626 -5.803093313176865e14 1.5457029804307128e15 2.8596975139305035e15
40 0 1 1.e10 0.1 0 1 1 1 1 30. 20. 2.3e9 0.1 500. 0.001 0.001 179.70332003412386 151.13486204252888 358.6774038639877 144.99422520574052 0. -0.007438684830153202 -0.322191733141491 -0.46016138345476715 -0.003306082146734756 -0.14319632584066266 -0.20451617042434092 1.1304793520666205e15 -1.2033175218028708e15 2.8596975139305035e15