1 0 1 1.e10 0.1 0 1 1 1 1 30. 20. 2.3e9 0.1 500. 0.001 0.001 159.41606428715295 161.6584185921679 169.44302094572788 61.48517019439034 0. 0.0904421019724839 0.4852880654857602 0.2681922173509379 0.04019648976554839 0.21568358466033785 0.11919654104486127 1.374548447465914e15 -9.146437499353578e14 2.8596975139305035e15
2 0 1 1.e10 0.1 0 1 1 1 1 30. 20. 2.3e9 0.1 500. 0.001 0.001 124.3068431651634 213.2313562186805 241.74812663338855 97.21702050013354 0. -0.4909488924842661 0.263817042688658 -0.07057689930287835 -0.2181995077707849 0.11725201897273689 -0.031367510801279266 -8.350192386951799e14 -1.4243242238815185e15 2.8596975139305035e15
3 0 1 1.e10 0.1 0 1 1 1 1 30. 20. 2.3e9 0.1 500. 0.001 0.001 311.50955601742317 82.13304729194073 1.0893324907384567 148.12963937854323 0. 0.005639247234964788 -0.2965725678518333 -0.47709983928745775 0.002506332104428794 -0.13181003015637033 -0.21204437301664786 -1.594995536137363e15 -4.265511263947773e14 2.8596975139305035e15
4 0 1 1.e10 0.1 0 1 1 1 1 30. 20. 2.3e9 0.1 500. 0.001 0.001 139.5528041873169 257.7789757691728 227.83941291007807 141.15935710683166 0. -0.2611719807958872 0.23648912785635212 -0.43757677567784603 -0.1160764359092832 0.1051062790472676 -0.19447856696793153 -1.53266226348482e15 6.139242704245826e14 2.8596975139305035e15
5 0 1 1.e10 0.1 0 1 1 1 1 30. 20. 2.3e9 0.1 500. 0.001 0.001 211.77960074911266 142.10633917550786 173.38579321021984 65.98131413311538 0. 0.0591062619305887 0.5097334731872567 0.22866915374132607 0.026269449746928308 0.22654821030544742 0.1016307349961449 1.5897898416012268e15 4.4556131258033875e14 2.8596975139305035e15
6 0 1 1.e10 0.1 0 1 1 1 1 30. 20. 2.3e9 0.1 500. 0.001 0.001 311.1615568297267 287.4227084854716 232.05876213662089 83.3630522147832 0. -0.44008424953098385 0.3431052274768245 0.06493074735864807 -0.19559299979154837 0.15249121221192197 0.02885810993717692 1.557485182206281e15 5.4790193550911656e14 2.8596975139305035e15
7 0 1 1.e10 0.1 0 1 1 1 1 30. 20. 2.3e9 0.1 500. 0.001 0.001 135.5728862645518 218.625447579475 198.15111195256043 139.35789032029666 0. -0.11399101031447709 0.34770525512056144 -0.42628447178938544 -0.0506626712508787 0.15453566894247173 -0.18945976523972685 -5.628386304436363e14 -1.5521498960497018e15 2.8596975139305035e15
8 0 1 1.e10 0.1 0 1 1 1 1 30. 20. 2.3e9 0.1 500. 0.001 0.001 304.77938372483925 12.794353213480179 197.76075317093046 73.95564121086187 0. -0.16469579205857443 0.514177132957422 0.15526917846633242 -0.07319812980381085 0.22852317020329863 0.06900852376281441 -1.6070936462945668e15 3.784265262457192e14 2.8596975139305035e15
9 0 1 1.e10 0.1 0 1 1 1 1 30. 20. 2.3e9 0.1 500. 0.001 0.001 16.93869738552246 10.474895099520552 143.86927687052844 56.097032610520934 0. 0.2749317755167255 0.37660121738891034 0.31336143290477997 0.12219190022965576 0.16737831883951568 0.13927174795768 1.1424977245297032e15 -1.1919125694325145e15 2.8596975139305035e15
10 0 1 1.e10 0.1 0 1 1 1 1 30. 20. 2.3e9 0.1 500. 0.001 0.001 170.01327619399217 58.35938442728303 3.1892425669616387 123.90296738947904 0. 0.02594097765320997 -0.46555668162532493 -0.3133614329047798 0.011529323401426652 -0.2069140807223666 -0.1392717479576799 -1.1279430524301705e15 1.2056952741888302e15 2.8596975139305035e15
11 0 1 1.e10 0.1 0 1 1 1 1 30. 20. 2.3e9 0.1 500. 0.001 0.001 52.740595604240184 208.90834397742879 254.2148146659423 37.91310869075289 0. -0.332184371331448 0.09390594034975454 0.4432229276220763 -0.14763749836953244 0.04173597348877979 0.1969879678320339 -1.2609380617546005e15 -1.0658291739980282e15 2.8596975139305035e15
12 0 1 1.e10 0.1 0 1 1 1 1 30. 20. 2.3e9 0.1 500. 0.001 0.001 114.94808800312325 73.85575555467256 8.63543082426338 122.5263636500231 0. 0.07112037681251104 -0.46830276430648365 -0.3020691290163194 0.031609056361116016 -0.2081345619139927 -0.13425294622947526 1.3895432738322948e15 8.916984433507754e14 2.8596975139305035e15
13 0 1 1.e10 0.1 0 1 1 1 1 30. 20. 2.3e9 0.1 500. 0.001 0.001 270.07352790042285 282.30982160655344 243.6610601252073 131.93912732915612 0. -0.3745091988135289 0.18541078039437975 -0.37546910429131325 -0.16644853280601282 0.082404791286391 -0.16687515746280587 -1.3926865464001768e15 -8.867811495530991e14 2.8596975139305035e15
14 0 1 1.e10 0.1 0 1 1 1 1 30. 20. 2.3e9 0.1 500. 0.001 0.001 354.880754671643 311.65318823922087 3.0533465510114297 150.38266075374608 0. 0.014788744448143902 -0.27724673718802534 -0.4883921431759184 0.006572775310286178 -0.12322077208356681 -0.2170631747448526 -5.5719537587215806e14 1.5541846533901472e15 2.8596975139305035e15
15 0 1 1.e10 0.1 0 1 1 1 1 30. 20. 2.3e9 0.1 500. 0.001 0.001 202.2561619351177 19.618298106039674 208.3989009738566 16.301583831491882 0. -0.07499922971453624 0.13871453324979893 0.5392075106739909 -0.03333299098423832 0.06165090366657729 0.2396477825217737 -1.2568253196666922e15 1.0706758330939786e15 2.8596975139305035e15
16 0 1 1.e10 0.1 0 1 1 1 1 30. 20. 2.3e9 0.1 500. 0.001 0.001 84.90562743975835 101.11704052921647 194.4790082294336 50.34301689677514 0. -0.10813907617701904 0.41877566796453924 0.35853064845862226 -0.048061811634230685 0.18612251909535077 0.15934695487049877 1.4101425485510082e15 8.587517781599265e14 2.8596975139305035e15
17 0 1 1.e10 0.1 0 1 1 1 1 30. 20. 2.3e9 0.1 500. 0.001 0.001 113.88316889608978 252.73838691239825 37.721115875670364 62.78790080174637 0. 0.30567291092496723 -0.39519343586319094 0.2568999134624773 0.1358546270777632 -0.17564152705030708 0.11417773931665656 1.5606820525462438e15 -5.3872827528060175e14 2.8596975139305035e15
18 0 1 1.e10 0.1 0 1 1 1 1 30. 20. 2.3e9 0.1 500. 0.001 0.001 130.13156114581454 72.95428214518176 118.58887880706737 60.16614110836008 0. 0.4279210210962522 0.23320237531219626 0.2794845212393984 0.19018712048722317 0.10364550013875388 0.12421534277306594 1.228502757125374e15 -1.1030582937733266e15 2.8596975139305035e15
19 0 1 1.e10 0.1 0 1 1 1 1 30. 20. 2.3e9 0.1 500. 0.001 0.001 320.4886131451507 258.52975952985923 349.47479272263024 171.86939014107955 0. -0.014513792773213402 -0.07811760056101624 -0.5561459665066816 -0.006450574565872622 -0.03471893358267388 -0.2471759851140807 1.035442575852302e15 1.28600750224838e15 2.8596975139305035e15
20 0 1 1.e10 0.1 0 1 1 1 1 30. 20. 2.3e9 0.1 500. 0.001 0.001 108.66859663692787 223.0356855678914 268.1137944991633 104.84950466795863 0. -0.5427361603288285 0.0178736011489882 -0.14397687457787195 -0.2412160712572571 0.007943822732883644 -0.06398972203460974 7.633531286549984e13 -1.6492815234933345e15 2.8596975139305035e15
21 0 1 1.e10 0.1 0 1 1 1 1 30. 20. 2.3e9 0.1 500. 0.001 0.001 99.8128706189014 293.9198340924412 303.93015200718764 8.13060985892038 0. -0.06592483983456744 -0.04435003033663893 0.5561459665066817 -0.029299928815363308 -0.019711124594061744 0.24717598511408076 1.6209277132979718e15 -3.139266984335306e14 2.8596975139305035e15
22 0 1 1.e10 0.1 0 1 1 1 1 30. 20. 2.3e9 0.1 500. 0.001 0.001 98.97782948330905 71.25626428823665 271.9923128331317 112.14079409869684 0. -0.5200520951659577 -0.018090761077004695 -0.2117306979086352 -0.2311342645182034 -0.00804033825644653 -0.09410253240383785 -5.720775223397171e14 -1.54876852116784e15 2.8596975139305035e15
23 0 1 1.e10 0.1 0 1 1 1 1 30. 20. 2.3e9 0.1 500. 0.001 0.001 347.7625931930652 264.1988133894721 13.853603995210449 129.65698310322486 0. 0.10356163643824542 -0.4199310745036593 -0.3585306484586222 0.04602739397255352 -0.18663603311273746 -0.15934695487049874 -1.443310258441989e15 8.017556495609416e14 2.8596975139305035e15
24 0 1 1.e10 0.1 0 1 1 1 1 30. 20. 2.3e9 0.1 500. 0.001 0.001 202.2876455092836 108.81703037488887 224.87762767179515 142.0868913092471 0. -0.24357315065968868 0.24461582628185308 -0.44322292762207627 -0.1082547336265283 0.10871814501415691 -0.19698796783203387 -1.2651155337501958e15 -1.0608672442821135e15 2.8596975139305035e15
25 0 1 1.e10 0.1 0 1 1 1 1 30. 20. 2.3e9 0.1 500. 0.001 0.001 94.49566916121967 306.5994145818473 111.93409761392968 116.56645434029485 0. 0.4661045357592391 0.18769511135701272 -0.25125376151824697 0.20715757144855068 0.08342004949200564 -0.1116683384525542 -1.3552807033789638e15 9.429585562342546e14 2.8596975139305035e15
26 0 1 1.e10 0.1 0 1 1 1 1 30. 20. 2.3e9 0.1 500. 0.001 0.001 287.32347780036434 166.34918430599157 197.516383132344 106.04435878913814 0. -0.16250130350839098 0.5148748919263683 -0.15526917846633248 -0.07222280155928487 0.22883328530060806 -0.06900852376281442 2.0051253137322397e14 1.6388262105815462e15 2.8596975139305035e15
27 0 1 1.e10 0.1 0 1 1 1 1 30. 20. 2.3e9 0.1 500. 0.001 0.001 27.063385782203454 136.6743588641844 129.05957227296454 114.6506745375841 0. 0.3964728592234608 0.3217405090758441 -0.23431530568555653 0.17621015965487147 0.14299578181148626 -0.10414013586024734 -1.2668601959221482e15 1.0587832014699064e15 2.8596975139305035e15
28 0 1 1.e10 0.1 0 1 1 1 1 30. 20. 2.3e9 0.1 500. 0.001 0.001 14.046988492808964 161.06790998056408 300.42019369099376 143.0341204627326 0. -0.29132117379526457 -0.17105516322979392 -0.44886907956630645 -0.1294760772423398 -0.0760245169910195 -0.19949736869613618 -1.5965896307686555e15 4.205450922894917e14 2.8596975139305035e15
29 0 1 1.e10 0.1 0 1 1 1 1 30. 20. 2.3e9 0.1 500. 0.001 0.001 296.4240282325567 335.1824256633721 211.92213780156112 47.28196803222025 0. -0.21824826269904105 0.3503287071495738 0.38111525623554326 -0.09699922786624046 0.1557016476220328 0.1693845583269081 5.5567215788450625e14 -1.5547299047354638e15 2.8596975139305035e15
30 0 1 1.e10 0.1 0 1 1 1 1 30. 20. 2.3e9 0.1 500. 0.001 0.001 285.6396622928486 354.0281159791091 13.500278687132777 82.20216212321263 0. 0.12993786741634714 -0.5412185721403117 0.07622305124710864 0.057750163296154275 -0.24054158761791627 0.033876911665381614 3.6629510614186325e14 -1.6099020215352515e15 2.8596975139305035e15
31 0 1 1.e10 0.1 0 1 1 1 1 30. 20. 2.3e9 0.1 500. 0.001 0.001 109.78169781213268 227.6731737920029 346.62474466945434 132.71803196777975 0. -0.09548051884698305 -0.4015544517807671 -0.38111525623554326 -0.042435786154214686 -0.17846864523589648 -0.1693845583269081 3.3239352518551706e14 -1.61724183972018e15 2.8596975139305035e15
32 0 1 1.e10 0.1 0 1 1 1 1 30. 20. 2.3e9 0.1 500. 0.001 0.001 220.86457241074402 246.45380636075663 287.0403266272 149.23753690219567 0. -0.2747310316244599 -0.08420518969766771 -0.48274599123168815 -0.12210268072198217 -0.03742452875451898 -0.21455377388075028 7.435801921454814e14 1.4741252055289122e15 2.8596975139305035e15
33 0 1 1.e10 0.1 0 1 1 1 1 30. 20. 2.3e9 0.1 500. 0.001 0.001 137.89814843244955 73.29281546705431 73.61999317038533 179.89999999999253 0. 0.0009407165729380849 -0.00027651128611092777 -0.5617921184509118 0.00041809625463914876 -0.00012289390493819011 -0.24968538597818302 -1.5733473805933752e15 -5.005343581680809e14 2.8596975139305035e15
34 0 1 1.e10 0.1 0 1 1 1 1 30. 20. 2.3e9 0.1 500. 0.001 0.001 135.5307595211138 271.6600880161967 134.74154386843225 161.75881531356274 0. 0.12490517568944018 0.12378335637785587 -0.5335613587297604 0.05551341141752897 0.055014825056824826 -0.2371383816576713 1.4294790182772848e15 -8.261636399841e14 2.8596975139305035e15
35 0 1 1.e10 0.1 0 1 1 1 1 30. 20. 2.3e9 0.1 500. 0.001 0.001 254.3562246553156 70.53929346091508 285.9484015120106 156.8671771251374 0. -0.21221306580569518 -0.06064434568265933 -0.5166229028970697 -0.09431691813586451 -0.026953042525626365 -0.2296101790653643 -1.3776316071012742e15 -9.099932850534275e14 2.8596975139305035e15
36 0 1 1.e10 0.1 0 1 1 1 1 30. 20. 2.3e9 0.1 500. 0.001 0.001 141.6609346542873 76.15913100039256 248.53966911776251 94.90057979982397 0. -0.5209331884457848 0.20478451818807333 -0.04799229152595723 -0.2315258615314599 0.09101534141692147 -0.021329907344869878 -1.28446590907861e15 1.0373543040550939e15 2.8596975139305035e15
37 0 1 1.e10 0.1 0 1 1 1 1 30. 20. 2.3e9 0.1 500. 0.001 0.001 109.0461931706622 25.75445001622296 164.9192761133404 75.15049533204137 0. 0.14128547242187361 0.5243285426419594 0.1439768745778719 0.06279354329861049 0.23303490784087083 0.06398972203460972 -1.3745684418988478e15 9.146137011124105e14 2.8596975139305035e15
38 0 1 1.e10 0.1 0 1 1 1 1 30. 20. 2.3e9 0.1 500. 0.001 0.001 152.40860275728687 51.50279040253059 286.4392347122297 151.56954622960748 0. -0.25653110887484665 -0.07569213231204244 -0.49403829512014874 -0.1140138261665985 -0.03364094769424108 -0.21957257560895496 1.6287266347772978e15 2.7056639276485762e14 2.8596975139305035e15
39 0 1 1.e10 0.1 0 1 1 1 1 30. 20. 2.3e9 0.1 500. 0.001 0.001 148.58115743218065 211.03751892376954 154.15595746754673 96.6369477852168 0. 0.24325729606453508 0.5022163196457716 -0.06493074735864812 0.10811435380646002 0.22320725317589846 -0.028858109937176944 6.67188835188039e14 1.5102369621775238e15 2.8596975139305035e15
40 0 1 1.e10 0.1 0 1 1 1 1 30. 20. 2.3e9 0.1 500. 0.001 0.001 323.10241771784115 351.23050323709606 98.12759879781447 111.52046997216245 0. 0.5173790069650112 0.07388821845375101 -0.20608454596440506 0.22994622531778272 0.032839208201667115 -0.09159313153973557 -1.506458889664961e15 6.75676133570057e14 2.8596975139305035e15