1 0 1 1.e10 0.1 0 1 1 1 1 30. 20. 2.3e9 0.1 500. 0.001 0.001 198.14101629569882 109.21007919717044 31.104711229264694 101.88979136347885 0. 0.283997791302536 -0.4707010061499565 -0.1157461148567206 0.12622124057890485 -0.20920044717775843 -0.05144271771409804 -1.2478361757146483e14 1.6463248988314995e15 2.8596975139305035e15
2 0 1 1.e10 0.1 0 1 1 1 1 30. 20. 2.3e9 0.1 500. 0.001 0.001 318.90654476364625 2.8347230485933324 286.0898474959698 48.8303768917093 0. -0.40633191540350927 -0.11720368680859865 0.3698229523470827 -0.18059196240155967 -0.052090527470488285 0.1643657565987034 -5.62139607551199e14 1.5524031967723308e15 2.8596975139305035e15
3 0 1 1.e10 0.1 0 1 1 1 1 30. 20. 2.3e9 0.1 500. 0.001 0.001 142.90490378328252 250.83729000952712 357.25678376360054 114.01868586688462 0. -0.024559235963881088 -0.5125608332830568 -0.22866915374132601 -0.010915215983947148 -0.22780481479246964 -0.10163073499614488 1.2949132427457398e15 1.0242833189545172e15 2.8596975139305035e15
4 0 1 1.e10 0.1 0 1 1 1 1 30. 20. 2.3e9 0.1 500. 0.001 0.001 332.223839310176 357.2854901280946 277.0019161166698 72.75357649621232 0. -0.5325324637321387 -0.06540484253385039 0.1665614823547931 -0.2366810949920616 -0.0290688189039335 0.07402732549101915 1.537417443486274e15 -6.019171273447009e14 2.8596975139305035e15
5 0 1 1.e10 0.1 0 1 1 1 1 30. 20. 2.3e9 0.1 500. 0.001 0.001 35.45182189836055 124.84311017218135 173.77438009680918 25.908087036665034 0. 0.0266190149820879 0.24401590011044128 0.5053305990086093 0.011830673325372399 0.1084515111601961 0.22459137733715967 -1.5859524454046758e15 -4.590331846846123e14 2.8596975139305035e15
6 0 1 1.e10 0.1 0 1 1 1 1 30. 20. 2.3e9 0.1 500. 0.001 0.001 58.91619391753727 193.98551679445075 281.062877038514 93.74560199210562 0. -0.550175562276583 -0.10757001134507062 -0.03669998763749676 -0.24452247212292577 -0.047808893931142495 -0.016311105616665225 1.326974056585199e15 9.823932394293995e14 2.8596975139305035e15
7 0 1 1.e10 0.1 0 1 1 1 1 30. 20. 2.3e9 0.1 500. 0.001 0.001 177.24539565541465 61.289660353519366 82.65640067108421 19.999256117872672 0. 0.19056164371101544 -0.024558911834037564 0.5279152067855304 0.0846940638715624 -0.010915071926238917 0.23462898079356903 8.036613701232265e14 1.442249987310947e15 2.8596975139305035e15
8 0 1 1.e10 0.1 0 1 1 1 1 30. 20. 2.3e9 0.1 500. 0.001 0.001 255.763243692704 246.22205008865376 292.8665129480572 51.08699060767554 0. -0.40277843067774455 -0.16986292609125384 0.35288449651439197 -0.17901263585677532 -0.07549463381833503 0.1568375540063964 2.132473314538948e14 -1.6372178228185035e15 2.8596975139305035e15
9 0 1 1.e10 0.1 0 1 1 1 1 30. 20. 2.3e9 0.1 500. 0.001 0.001 168.76360997465076 178.15419702307713 259.70507746396993 147.05517956049349 0. -0.3006018733295205 0.0546011007305023 -0.47145368734322757 -0.13360083259089797 0.02426715588022324 -0.20953497215254555 -1.635171637485277e15 2.284082741287758e14 2.8596975139305035e15
10 0 1 1.e10 0.1 0 1 1 1 1 30. 20. 2.3e9 0.1 500. 0.001 0.001 306.7006885803023 51.59882973980223 98.2379351435095 91.43974176825142 0. 0.5558206318582185 0.08047065932280976 -0.014115379860575848 0.24703139193698598 0.03576473747680434 -0.006273502160255932 -1.4826054782495678e15 -7.265243420499678e14 2.8596975139305035e15
11 0 1 1.e10 0.1 0 1 1 1 1 30. 20. 2.3e9 0.1 500. 0.001 0.001 144.71047305611938 273.5807259041678 280.92723425275653 160.00074388212732 0. -0.18865395772223237 -0.03642203234381901 -0.5279152067855304 -0.08384620343210326 -0.016187569930586225 -0.23462898079356903 3.7347245355513106e14 -1.6082521413516845e15 2.8596975139305035e15
12 0 1 1.e10 0.1 0 1 1 1 1 30. 20. 2.3e9 0.1 500. 0.001 0.001 71.87892405305672 281.5879904161236 218.80249756040962 136.77267750582826 0. -0.24111079429915744 0.29985458117650343 -0.40934601595669456 -0.10716035302184773 0.1332687027451126 -0.18193156264741978 1.4453095892541603e14 1.6447089182098052e15 2.8596975139305035e15
13 0 1 1.e10 0.1 0 1 1 1 1 30. 20. 2.3e9 0.1 500. 0.001 0.001 197.50685980386163 238.14854427142154 267.3108330677454 121.170541105725 0. -0.4801578492473547 0.022552683530844525 -0.290776825127859 -0.21340348855437985 0.010023414902597566 -0.12923414450127066 -5.981880098530792e14 -1.5388722262081348e15 2.8596975139305035e15
14 0 1 1.e10 0.1 0 1 1 1 1 30. 20. 2.3e9 0.1 500. 0.001 0.001 314.44173891632204 132.1862357246187 250.21358293866194 27.19630101008235 0. -0.241603176588019 0.08691780130830284 0.49968444706437903 -0.1073791895946751 0.03863013391480126 0.22208197647305733 5.818534700902394e14 -1.5451223780240565e15 2.8596975139305035e15
15 0 1 1.e10 0.1 0 1 1 1 1 30. 20. 2.3e9 0.1 500. 0.001 0.001 117.58800587490992 292.12950658233365 179.81916640545262 40.64210967970333 0. 0.0011548737962403207 0.3659119581777627 0.42628447178938544 0.0005132772427734758 0.1626275369678945 0.18945976523972685 -1.367253975340054e15 -9.255123935656329e14 2.8596975139305035e15
16 0 1 1.e10 0.1 0 1 1 1 1 30. 20. 2.3e9 0.1 500. 0.001 0.001 54.75808932188812 105.40697318152252 169.62272251790193 86.83128638335569 0. 0.10104052461311717 0.5517588399240805 0.0310538356932664 0.04490689982805207 0.24522615107736906 0.013801704752562843 -6.364368754116659e12 -1.651034862907846e15 2.8596975139305035e15
17 0 1 1.e10 0.1 0 1 1 1 1 30. 20. 2.3e9 0.1 500. 0.001 0.001 48.35356937139056 224.94118943688306 262.78136371537346 58.82945889427502 0. -0.476877216181813 0.06040119547635014 0.29077682512785896 -0.2119454294141391 0.026844975767266726 0.12923414450127063 -1.4222448197469002e15 -8.385560782856895e14 2.8596975139305035e15
18 0 1 1.e10 0.1 0 1 1 1 1 30. 20. 2.3e9 0.1 500. 0.001 0.001 301.8148867094052 74.60526213560644 313.1644215697337 144.00263192526953 0. -0.2408404643585012 -0.22588298035095492 -0.45451523151053685 -0.10704020638155608 -0.10039243571153551 -0.20200676956023858 -1.5962048685715462e15 4.2200312946145456e14 2.8596975139305035e15
19 0 1 1.e10 0.1 0 1 1 1 1 30. 20. 2.3e9 0.1 500. 0.001 0.001 115.0098779891594 130.96487893099976 304.13827263896667 123.2119586519725 0. -0.38903220118969956 -0.2637737630254238 -0.3077152809605496 -0.17290320052875535 -0.11723278356685503 -0.1367623470935776 4.518844027518839e14 1.5880041279153972e15 2.8596975139305035e15
20 0 1 1.e10 0.1 0 1 1 1 1 30. 20. 2.3e9 0.1 500. 0.001 0.001 230.42834856301033 119.64054893270475 206.1141537910579 112.76386316067263 0. -0.22801811765263555 0.4651520062623819 -0.2173768498528655 -0.10134138562339357 0.20673422500550306 -0.09661193326794022 1.2570358110147048e15 1.0704286961555972e15 2.8596975139305035e15
21 0 1 1.e10 0.1 0 1 1 1 1 30. 20. 2.3e9 0.1 500. 0.001 0.001 337.1852750742952 111.01621907457275 129.04596584405175 81.03804140094199 0. 0.4309848702203485 0.3495775307658802 0.08751535513556927 0.19154883120904373 0.1553677914515023 0.03889571339358634 -1.5547975433429542e15 -5.554828736707213e14 2.8596975139305035e15
22 0 1 1.e10 0.1 0 1 1 1 1 30. 20. 2.3e9 0.1 500. 0.001 0.001 142.27150602379152 135.49620857877102 27.049480713084506 53.27399147317264 0. 0.2047690050955722 -0.40102525863364724 0.33594604068170114 0.09100844670914318 -0.178233448281621 0.14930935141408938 1.347799422119667e15 -9.536211729301416e14 2.8596975139305035e15
23 0 1 1.e10 0.1 0 1 1 1 1 30. 20. 2.3e9 0.1 500. 0.001 0.001 320.4422365248404 92.24362386289727 146.54180535043753 92.01584221954054 0. 0.3095407409237689 0.4684072558456126 -0.019761531804805863 0.13757366263278614 0.20818100259805003 -0.008782903024358161 -1.6241030783072198e15 2.9706197124469025e14 2.8596975139305035e15
24 0 1 1.e10 0.1 0 1 1 1 1 30. 20. 2.3e9 0.1 500. 0.001 0.001 289.2017931537765 256.731400300097 324.54810415872987 125.30217231581278 0. -0.26593189312823523 -0.37348564251272554 -0.3246537367932406 -0.11819195250143787 -0.16599361889454467 -0.1442905496858847 1.1049696272753562e15 1.2267839037604498e15 2.8596975139305035e15
25 0 1 1.e10 0.1 0 1 1 1 1 30. 20. 2.3e9 0.1 500. 0.001 0.001 211.03576078192634 299.59820613824274 60.49360610603901 146.01095399973522 0. 0.2733280385201632 -0.15468183178368874 -0.46580753539899733 0.12147912823118362 -0.06874748079275055 -0.20702557128844323 -1.3022195955473515e15 -1.0149782010956006e15 2.8596975139305035e15
26 0 1 1.e10 0.1 0 1 1 1 1 30. 20. 2.3e9 0.1 500. 0.001 0.001 101.00620724600589 43.33570462631383 322.87412844570383 84.52121140259231 0. -0.3375312512958589 -0.4458776934771154 0.05363844347018761 -0.15001388946482616 -0.19816786376760684 0.02383930820897227 2.2002375866526466e14 -1.6363209249256632e15 2.8596975139305035e15
27 0 1 1.e10 0.1 0 1 1 1 1 30. 20. 2.3e9 0.1 500. 0.001 0.001 230.6137150823737 79.93956873097369 145.94515897746578 38.84064289316833 0. 0.19730110372770904 0.29190783753598176 0.43757677567784603 0.08768937943453733 0.12973681668265855 0.19447856696793153 -1.6486604386735998e15 -8.874334723990281e13 2.8596975139305035e15
28 0 1 1.e10 0.1 0 1 1 1 1 30. 20. 2.3e9 0.1 500. 0.001 0.001 1.1401564851587978 220.07712096035596 106.63259116961831 51.82324573418859 0. 0.4231519682271444 0.12640921487531204 0.34723834457016167 0.1880675414342864 0.056181873277916454 0.15432815314229406 1.354546872377375e15 -9.440123909459238e14 2.8596975139305035e15
29 0 1 1.e10 0.1 0 1 1 1 1 30. 20. 2.3e9 0.1 500. 0.001 0.001 126.68330898867003 80.97716472937611 42.18516485472708 98.37946271824981 0. 0.3732327462509293 -0.4118326073230846 -0.08186920319133895 0.16588122055596854 -0.18303671436581534 -0.036386312529483975 -1.648135136902882e15 9.801629575170539e13 2.8596975139305035e15
30 0 1 1.e10 0.1 0 1 1 1 1 30. 20. 2.3e9 0.1 500. 0.001 0.001 347.9378928301875 227.40787221775872 103.45301898431143 67.23613683932739 0. 0.5038191324885427 0.12051942850122743 0.21737684985286534 0.22391961443935227 0.053564190444989966 0.09661193326794015 -1.1277844957327405e15 -1.2058435864205675e15 2.8596975139305035e15
31 0 1 1.e10 0.1 0 1 1 1 1 30. 20. 2.3e9 0.1 500. 0.001 0.001 233.6421270670894 131.76716005139212 345.23713195561163 119.83385889163992 0. -0.12418341710338576 -0.47125176611216657 -0.2794845212393983 -0.055192629823726996 -0.2094452293831851 -0.12421534277306591 1.966536625682534e14 1.6392937383901825e15 2.8596975139305035e15
32 0 1 1.e10 0.1 0 1 1 1 1 30. 20. 2.3e9 0.1 500. 0.001 0.001 211.81779418656572 206.42519970970534 269.2802529991985 75.74541929145305 0. -0.5444530968652713 0.0068397550537564735 0.1383307226336416 -0.24197915416234278 0.003039891135002877 0.06148032117050737 3.868337416432029e14 -1.6050907388845928e15 2.8596975139305035e15
33 0 1 1.e10 0.1 0 1 1 1 1 30. 20. 2.3e9 0.1 500. 0.001 0.001 290.7135333566556 271.6795222701935 100.68282397645783 92.59214663740961 0. 0.5514913333244015 0.1040341512884506 -0.025407683749036195 0.24510725925528953 0.04623740057264471 -0.01129230388846053 -1.366382910363431e15 -9.267979100070998e14 2.8596975139305035e15
34 0 1 1.e10 0.1 0 1 1 1 1 30. 20. 2.3e9 0.1 500. 0.001 0.001 37.464086026815835 51.91820083341389 33.09066928054739 33.989046000264764 0. 0.1714668053375285 -0.26312320382774923 0.4658075353989974 0.07620746903890155 -0.11694364614566631 0.20702557128844326 3.0961374827301023e13 -1.6507568012870858e15 2.8596975139305035e15
35 0 1 1.e10 0.1 0 1 1 1 1 30. 20. 2.3e9 0.1 500. 0.001 0.001 249.72211761878236 261.73991305301115 200.04425464520887 73.35555133765327 0. -0.18448439900044294 0.5056511729681146 0.16091533041056275 -0.08199306622241907 0.22473385465249535 0.07151792462691677 -1.6480705220684988e15 9.909681132930025e13 2.8596975139305035e15
36 0 1 1.e10 0.1 0 1 1 1 1 30. 20. 2.3e9 0.1 500. 0.001 0.001 223.3664365772289 294.79419430856774 335.9978942987584 30.76246309780434 0. -0.11688374519249572 -0.262499226321214 0.48274599123168815 -0.05194833119666476 -0.11666632280942843 0.21455377388075028 8.084380539570716e14 1.4395779022480412e15 2.8596975139305035e15
37 0 1 1.e10 0.1 0 1 1 1 1 30. 20. 2.3e9 0.1 500. 0.001 0.001 99.2168992944512 235.51188416615116 241.38032635101877 140.25010913822257 0. -0.31534009032649385 0.17206949024650936 -0.4319306237336159 -0.14015115125621946 0.0764753289984486 -0.19196916610382928 2.576581760559052e14 -1.6308184718227568e15 2.8596975139305035e15
38 0 1 1.e10 0.1 0 1 1 1 1 30. 20. 2.3e9 0.1 500. 0.001 0.001 252.64615993720565 225.85180520089932 284.61205278078296 52.552135594475686 0. -0.431585608989814 -0.11251658459811718 0.34159219262593143 -0.1918158262176951 -0.05000737093249652 0.15181875227819172 -1.3764581095311705e13 1.650989751644158e15 2.8596975139305035e15
39 0 1 1.e10 0.1 0 1 1 1 1 30. 20. 2.3e9 0.1 500. 0.001 0.001 14.32367235523617 243.43517707891874 34.986389082869096 85.09942020017603 0. 0.3209443429506282 -0.4585878481183321 0.0479922915259573 0.14264193020027918 -0.20381682138592536 0.02132990734486991 -1.430121234297184e15 -8.250514401775604e14 2.8596975139305035e15
40 0 1 1.e10 0.1 0 1 1 1 1 30. 20. 2.3e9 0.1 500. 0.001 0.001 287.2369847149306 292.21670316183975 208.8899917062355 155.44273601846783 0. -0.11280230112950745 0.2044254059682724 -0.5109767509528396 -0.050134356057558865 0.09085573598589884 -0.227100778201262 -4.573235890048354e14 1.5864462671854048e15 2.8596975139305035e15